"","ID","year","month","element","Val1","xxM1","xxQ1","xxS1","Val2","xxM2","xxQ2","xxS2","Val3","xxM3","xxQ3","xxS3","Val4","xxM4","xxQ4","xxS4","Val5","xxM5","xxQ5","xxS5","Val6","xxM6","xxQ6","xxS6","Val7","xxM7","xxQ7","xxS7","Val8","xxM8","xxQ8","xxS8","Val9","xxM9","xxQ9","xxS9","Val10","xxM10","xxQ10","xxS10","Val11","xxM11","xxQ11","xxS11","Val12","xxM12","xxQ12","xxS12","Val13","xxM13","xxQ13","xxS13","Val14","xxM14","xxQ14","xxS14","Val15","xxM15","xxQ15","xxS15","Val16","xxM16","xxQ16","xxS16","Val17","xxM17","xxQ17","xxS17","Val18","xxM18","xxQ18","xxS18","Val19","xxM19","xxQ19","xxS19","Val20","xxM20","xxQ20","xxS20","Val21","xxM21","xxQ21","xxS21","Val22","xxM22","xxQ22","xxS22","Val23","xxM23","xxQ23","xxS23","Val24","xxM24","xxQ24","xxS24","Val25","xxM25","xxQ25","xxS25","Val26","xxM26","xxQ26","xxS26","Val27","xxM27","xxQ27","xxS27","Val28","xxM28","xxQ28","xxS28","Val29","xxM29","xxQ29","xxS29","Val30","xxM30","xxQ30","xxS30","Val31","xxM31","xxQ31","xxS31"
"101","USC00397227",1900,6,"PRCP",0,"P"," ","6",0,"P"," ","6",0,"P"," ","6",0,"P"," ","6",0,"P"," ","6",0,"P"," ","6",0,"P"," ","6",0,"P"," ","6",0,"P"," ","6",0,"P"," ","6",0,"P"," ","6",0,"P"," ","6",0,"P"," ","6",244," "," ","6",145," "," ","6",0,"P"," ","6",201," "," ","6",0,"P"," ","6",0,"P"," ","6",0,"P"," ","6",0,"P"," ","6",0,"P"," ","6",0,"P"," ","6",0,"P"," ","6",25," "," ","6",0,"P"," ","6",0,"P"," ","6",0,"P"," ","6",0,"P"," ","6",0,"P"," ","6",NA," "," "," "
"104","USC00397227",1900,7,"PRCP",0,"P"," ","6",13," "," ","6",76," "," ","6",46," "," ","6",20," "," ","6",0,"P"," ","6",0,"P"," ","6",0,"P"," ","6",0,"P"," ","6",0,"P"," ","6",0,"P"," ","6",0,"P"," ","6",0,"P"," ","6",15," "," ","6",160," "," ","6",8," "," ","6",0,"P"," ","6",0,"P"," ","6",102," "," ","6",0,"P"," ","6",0,"P"," ","6",0,"P"," ","6",0,"P"," ","6",0,"P"," ","6",0,"P"," ","6",0,"P"," ","6",0,"P"," ","6",18," "," ","6",0,"P"," ","6",0,"P"," ","6",0,"P"," ","6"
"107","USC00397227",1900,8,"PRCP",0,"P"," ","6",0,"P"," ","6",69," "," ","6",104," "," ","6",18," "," ","6",0,"P"," ","6",0,"P"," ","6",0,"P"," ","6",140," "," ","6",0,"P"," ","6",30," "," ","6",13," "," ","6",0,"P"," ","6",8," "," ","6",30," "," ","6",0,"P"," ","6",0,"P"," ","6",0,"P"," ","6",0,"P"," ","6",0,"P"," ","6",109," "," ","6",0,"P"," ","6",356," "," ","6",76," "," ","6",0,"P"," ","6",13," "," ","6",8," "," ","6",0,"P"," ","6",0,"P"," ","6",0,"P"," ","6",0,"P"," ","6"
"110","USC00397227",1900,9,"PRCP",0,"P"," ","6",0,"P"," ","6",0,"P"," ","6",0,"P"," ","6",0,"P"," ","6",0,"P"," ","6",0,"P"," ","6",102," "," ","6",97," "," ","6",10," "," ","6",0,"P"," ","6",0,"P"," ","6",0,"P"," ","6",145," "," ","6",0,"P"," ","6",25," "," ","6",0,"P"," ","6",25," "," ","6",41," "," ","6",0,"P"," ","6",0,"P"," ","6",0,"P"," ","6",0,"P"," ","6",185," "," ","6",0,"P"," ","6",0,"P"," ","6",0,"P"," ","6",0,"P"," ","6",0,"P"," ","6",0,"P"," ","6",NA," "," "," "
"113","USC00397227",1900,10,"PRCP",0,"P"," ","6",0,"P"," ","6",0,"P"," ","6",0,"P"," ","6",0,"P"," ","6",30," "," ","6",0,"P"," ","6",0,"P"," ","6",0,"P"," ","6",0,"P"," ","6",0,"P"," ","6",0,"P"," ","6",0,"P"," ","6",0,"P"," ","6",0,"P"," ","6",0,"P"," ","6",0,"P"," ","6",0,"P"," ","6",0,"P"," ","6",0,"P"," ","6",0,"P"," ","6",0,"P"," ","6",0,"P"," ","6",0,"P"," ","6",48," "," ","6",0,"P"," ","6",0,"P"," ","6",0,"P"," ","6",0,"P"," ","6",10," "," ","6",0,"P"," ","6"
"116","USC00397227",1900,11,"PRCP",0,"P"," ","6",0,"P"," ","6",0,"P"," ","6",0,"P"," ","6",0,"P"," ","6",0,"P"," ","6",0,"P"," ","6",0,"P"," ","6",0,"P"," ","6",0,"P"," ","6",0,"P"," ","6",0,"P"," ","6",0,"P"," ","6",0,"P"," ","6",0,"P"," ","6",0,"P"," ","6",0,"P"," ","6",25," "," ","6",25," "," ","6",25," "," ","6",51," "," ","6",0,"P"," ","6",0,"P"," ","6",0,"P"," ","6",0,"P"," ","6",0,"P"," ","6",0,"P"," ","6",0,"P"," ","6",0,"P"," ","6",0,"P"," ","6",NA," "," "," "
"120","USC00397227",1900,12,"PRCP",NA," "," "," ",13," "," ","6",NA," "," "," ",NA," "," "," ",38," "," ","6",13," "," ","6",NA," "," "," ",NA," "," "," ",NA," "," "," ",NA," "," "," ",NA," "," "," ",NA," "," "," ",NA," "," "," ",NA," "," "," ",NA," "," "," ",NA," "," "," ",5," "," ","6",NA," "," "," ",NA," "," "," ",NA," "," "," ",NA," "," "," ",13," "," ","6",13," "," ","6",20," "," ","6",NA," "," "," ",5," "," ","6",8," "," ","6",NA," "," "," ",NA," "," "," ",5," "," ","6",NA," "," "," "
"125","USC00397227",1901,1,"PRCP",NA," "," "," ",NA," "," "," ",NA," "," "," ",NA," "," "," ",NA," "," "," ",NA," "," "," ",NA," "," "," ",NA," "," "," ",NA," "," "," ",NA," "," "," ",NA," "," "," ",NA," "," "," ",NA," "," "," ",NA," "," "," ",64," "," ","6",216," "," ","6",NA," "," "," ",NA," "," "," ",NA," "," "," ",NA," "," "," ",NA," "," "," ",NA," "," "," ",127," "," ","6",NA," "," "," ",NA," "," "," ",64," "," ","6",NA," "," "," ",NA," "," "," ",254," "," ","6",NA," "," "," ",NA," "," "," "
"130","USC00397227",1901,2,"PRCP",NA," "," "," ",NA," "," "," ",NA," "," "," ",25," "," ","6",NA," "," "," ",NA," "," "," ",51," "," ","6",NA," "," "," ",NA," "," "," ",NA," "," "," ",NA," "," "," ",NA," "," "," ",NA," "," "," ",NA," "," "," ",NA," "," "," ",NA," "," "," ",64," "," ","6",20," "," ","6",NA," "," "," ",5," "," ","6",NA," "," "," ",NA," "," "," ",NA," "," "," ",25," "," ","6",8," "," ","6",8," "," ","6",13," "," ","6",NA," "," "," ",NA," "," "," ",NA," "," "," ",NA," "," "," "
"135","USC00397227",1901,3,"PRCP",NA," "," "," ",NA," "," "," ",23," "," ","6",76," "," ","6",NA," "," "," ",NA," "," "," ",NA," "," "," ",NA," "," "," ",18," "," ","6",NA," "," "," ",NA," "," "," ",8," "," ","6",NA," "," "," ",NA," "," "," ",NA," "," "," ",NA," "," "," ",NA," "," "," ",5," "," ","6",NA," "," "," ",NA," "," "," ",NA," "," "," ",NA," "," "," ",36," "," ","6",152," "," ","6",NA," "," "," ",NA," "," "," ",NA," "," "," ",102," "," ","6",76," "," ","6",51," "," ","6",NA," "," "," "
"140","USC00397227",1901,4,"PRCP",NA," "," "," ",NA," "," "," ",254," "," ","6",NA," "," "," ",NA," "," "," ",NA," "," "," ",NA," "," "," ",NA," "," "," ",76," "," ","6",43," "," ","6",33," "," ","6",41," "," ","6",137," "," ","6",NA," "," "," ",NA," "," "," ",NA," "," "," ",20," "," ","6",8," "," ","6",NA," "," "," ",NA," "," "," ",NA," "," "," ",NA," "," "," ",NA," "," "," ",NA," "," "," ",NA," "," "," ",NA," "," "," ",NA," "," "," ",NA," "," "," ",NA," "," "," ",NA," "," "," ",NA," "," "," "
"145","USC00397227",1901,5,"PRCP",0,"P"," ","6",13," "," ","6",84," "," ","6",0,"P"," ","6",0,"P"," ","6",0,"P"," ","6",0,"P"," ","6",0,"P"," ","6",0,"P"," ","6",0,"P"," ","6",0,"P"," ","6",0,"P"," ","6",0,"P"," ","6",51," "," ","6",0,"P"," ","6",0,"P"," ","6",0,"P"," ","6",0,"P"," ","6",0,"P"," ","6",0,"P"," ","6",0,"P"," ","6",0,"P"," ","6",97," "," ","6",41," "," ","6",0,"P"," ","6",0,"P"," ","6",0,"P"," ","6",0,"P"," ","6",0,"P"," ","6",165," "," ","6",152," "," ","6"
"149","USC00397227",1901,6,"PRCP",46," "," ","6",122," "," ","6",0,"P"," ","6",46," "," ","6",46," "," ","6",0,"P"," ","6",0,"P"," ","6",0,"P"," ","6",66," "," ","6",147," "," ","6",43," "," ","6",8," "," ","6",0,"P"," ","6",152," "," ","6",424," "," ","6",8," "," ","6",15," "," ","6",0,"P"," ","6",41," "," ","6",69," "," ","6",46," "," ","6",0,"P"," ","6",0,"P"," ","6",0,"P"," ","6",0,"P"," ","6",0,"P"," ","6",0,"P"," ","6",0,"P"," ","6",0,"P"," ","6",0,"P"," ","6",NA," "," "," "
"153","USC00397227",1901,7,"PRCP",0,"P"," ","6",0,"P"," ","6",0,"P"," ","6",0,"P"," ","6",0,"P"," ","6",0,"P"," ","6",0,"P"," ","6",0,"P"," ","6",25," "," ","6",0,"P"," ","6",0,"P"," ","6",0,"P"," ","6",0,"P"," ","6",61," "," ","6",36," "," ","6",0,"P"," ","6",127," "," ","6",0,"P"," ","6",0,"P"," ","6",0,"P"," ","6",0,"P"," ","6",0,"P"," ","6",0,"P"," ","6",109," "," ","6",0,"P"," ","6",0,"P"," ","6",30," "," ","6",178," "," ","6",0,"P"," ","6",0,"P"," ","6",0,"P"," ","6"
"157","USC00397227",1901,8,"PRCP",NA," "," "," ",229," "," ","6",86," "," ","6",NA," "," "," ",NA," "," "," ",NA," "," "," ",NA," "," "," ",NA," "," "," ",102," "," ","6",10," "," ","6",NA," "," "," ",NA," "," "," ",15," "," ","6",NA," "," "," ",NA," "," "," ",NA," "," "," ",NA," "," "," ",NA," "," "," ",30," "," ","6",152," "," ","6",5," "," ","6",NA," "," "," ",76," "," ","6",13," "," ","6",NA," "," "," ",NA," "," "," ",56," "," ","6",5," "," ","6",NA," "," "," ",41," "," ","6",NA," "," "," "
"161","USC00397227",1901,9,"PRCP",NA," "," "," ",8," "," ","6",NA," "," "," ",137," "," ","6",NA," "," "," ",23," "," ","6",20," "," ","6",NA," "," "," ",NA," "," "," ",NA," "," "," ",76," "," ","6",5," "," ","6",8," "," ","6",NA," "," "," ",10," "," ","6",NA," "," "," ",NA," "," "," ",NA," "," "," ",8," "," ","6",NA," "," "," ",NA," "," "," ",NA," "," "," ",NA," "," "," ",NA," "," "," ",NA," "," "," ",NA," "," "," ",NA," "," "," ",NA," "," "," ",NA," "," "," ",NA," "," "," ",NA," "," "," "
"165","USC00397227",1901,10,"PRCP",0,"P"," ","6",0,"P"," ","6",0,"P"," ","6",0,"P"," ","6",0,"P"," ","6",0,"P"," ","6",91," "," ","6",0,"P"," ","6",13," "," ","6",56," "," ","6",25," "," ","6",81," "," ","6",0,"P"," ","6",0,"P"," ","6",10," "," ","6",0,"P"," ","6",0,"P"," ","6",0,"P"," ","6",0,"P"," ","6",0,"P"," ","6",0,"P"," ","6",0,"P"," ","6",0,"P"," ","6",0,"P"," ","6",0,"P"," ","6",0,"P"," ","6",0,"P"," ","6",0,"P"," ","6",0,"P"," ","6",0,"P"," ","6",0,"P"," ","6"
"170","USC00397227",1901,11,"PRCP",NA," "," "," ",NA," "," "," ",NA," "," "," ",38," "," ","6",NA," "," "," ",8," "," ","6",NA," "," "," ",NA," "," "," ",NA," "," "," ",NA," "," "," ",NA," "," "," ",71," "," ","6",NA," "," "," ",NA," "," "," ",NA," "," "," ",NA," "," "," ",NA," "," "," ",NA," "," "," ",NA," "," "," ",NA," "," "," ",NA," "," "," ",NA," "," "," ",8," "," ","6",NA," "," "," ",NA," "," "," ",NA," "," "," ",NA," "," "," ",NA," "," "," ",NA," "," "," ",NA," "," "," ",NA," "," "," "
"175","USC00397227",1901,12,"PRCP",0,"P"," ","6",0,"P"," ","6",0,"P"," ","6",18," "," ","6",0,"P"," ","6",0,"P"," ","6",0,"P"," ","6",0,"P"," ","6",0,"P"," ","6",76," "," ","6",0,"P"," ","6",25," "," ","6",0,"P"," ","6",0,"P"," ","6",0,"P"," ","6",51," "," ","6",0,"P"," ","6",152," "," ","6",13," "," ","6",0,"P"," ","6",0,"P"," ","6",13," "," ","6",76," "," ","6",5," "," ","6",13," "," ","6",0,"P"," ","6",102," "," ","6",0,"P"," ","6",0,"P"," ","6",0,"P"," ","6",0,"P"," ","6"
"180","USC00397227",1902,1,"PRCP",NA," "," "," ",NA," "," "," ",71," "," ","6",NA," "," "," ",NA," "," "," ",NA," "," "," ",NA," "," "," ",NA," "," "," ",NA," "," "," ",NA," "," "," ",NA," "," "," ",NA," "," "," ",NA," "," "," ",NA," "," "," ",NA," "," "," ",NA," "," "," ",NA," "," "," ",NA," "," "," ",NA," "," "," ",8," "," ","6",NA," "," "," ",NA," "," "," ",NA," "," "," ",NA," "," "," ",25," "," ","6",NA," "," "," ",NA," "," "," ",NA," "," "," ",NA," "," "," ",NA," "," "," ",NA," "," "," "
"185","USC00397227",1902,2,"PRCP",0,"P"," ","6",0,"P"," ","6",0,"P"," ","6",0,"P"," ","6",0,"P"," ","6",0,"P"," ","6",25," "," ","6",13," "," ","6",0,"P"," ","6",0,"P"," ","6",0,"P"," ","6",0,"P"," ","6",0,"P"," ","6",0,"P"," ","6",0,"P"," ","6",25," "," ","6",0,"P"," ","6",0,"P"," ","6",0,"P"," ","6",0,"P"," ","6",0,"P"," ","6",0,"P"," ","6",0,"P"," ","6",0,"P"," ","6",0,"P"," ","6",0,"P"," ","6",216," "," ","6",76," "," ","6",NA," "," "," ",NA," "," "," ",NA," "," "," "
"190","USC00397227",1902,3,"PRCP",64," "," ","6",NA," "," "," ",13," "," ","6",8," "," ","6",NA," "," "," ",NA," "," "," ",NA," "," "," ",NA," "," "," ",NA," "," "," ",NA," "," "," ",NA," "," "," ",NA," "," "," ",NA," "," "," ",NA," "," "," ",51," "," ","6",NA," "," "," ",NA," "," "," ",NA," "," "," ",NA," "," "," ",NA," "," "," ",NA," "," "," ",NA," "," "," ",NA," "," "," ",NA," "," "," ",51," "," ","6",51," "," ","6",102," "," ","6",64," "," ","6",51," "," ","6",NA," "," "," ",NA," "," "," "
"195","USC00397227",1902,4,"PRCP",0,"P"," ","6",30," "," ","6",13," "," ","6",0,"P"," ","6",13," "," ","6",0,"P"," ","6",0,"P"," ","6",0,"P"," ","6",43," "," ","6",0,"P"," ","6",0,"P"," ","6",0,"P"," ","6",76," "," ","6",64," "," ","6",13," "," ","6",0,"P"," ","6",0,"P"," ","6",0,"P"," ","6",0,"P"," ","6",0,"P"," ","6",102," "," ","6",178," "," ","6",0,"P"," ","6",58," "," ","6",165," "," ","6",10," "," ","6",0,"P"," ","6",0,"P"," ","6",0,"P"," ","6",0,"P"," ","6",NA," "," "," "
"200","USC00397227",1902,5,"PRCP",0,"P"," ","6",0,"P"," ","6",0,"P"," ","6",28," "," ","6",109," "," ","6",0,"P"," ","6",0,"P"," ","6",0,"P"," ","6",0,"P"," ","6",0,"P"," ","6",0,"P"," ","6",18," "," ","6",0,"P"," ","6",64," "," ","6",13," "," ","6",0,"P"," ","6",0,"P"," ","6",25," "," ","6",279," "," ","6",8," "," ","6",0,"P"," ","6",0,"P"," ","6",0,"P"," ","6",0,"P"," ","6",0,"P"," ","6",0,"P"," ","6",0,"P"," ","6",0,"P"," ","6",0,"P"," ","6",0,"P"," ","6",97," "," ","6"
"204","USC00397227",1902,6,"PRCP",13," "," ","6",0,"P"," ","6",0,"P"," ","6",5," "," ","6",0,"P"," ","6",0,"P"," ","6",76," "," ","6",0,"P"," ","6",0,"P"," ","6",0,"P"," ","6",0,"P"," ","6",0,"P"," ","6",13," "," ","6",0,"P"," ","6",15," "," ","6",0,"P"," ","6",0,"P"," ","6",0,"P"," ","6",51," "," ","6",20," "," ","6",0,"P"," ","6",0,"P"," ","6",20," "," ","6",0,"P"," ","6",0,"P"," ","6",0,"P"," ","6",132," "," ","6",140," "," ","6",173," "," ","6",25," "," ","6",NA," "," "," "
"208","USC00397227",1902,7,"PRCP",10," "," ","6",0,"P"," ","6",0,"P"," ","6",0,"P"," ","6",0,"P"," ","6",0,"P"," ","6",10," "," ","6",38," "," ","6",0,"P"," ","6",0,"P"," ","6",0,"P"," ","6",51," "," ","6",41," "," ","6",0,"P"," ","6",0,"P"," ","6",114," "," ","6",94," "," ","6",38," "," ","6",0,"P"," ","6",0,"P"," ","6",0,"P"," ","6",0,"P"," ","6",0,"P"," ","6",13," "," ","6",127," "," ","6",0,"P"," ","6",0,"P"," ","6",0,"P"," ","6",127," "," ","6",0,"P"," ","6",0,"P"," ","6"
"209","USC00397227",1909,9,"PRCP",124," "," ","6",0,"P"," ","6",97," "," ","6",0,"P"," ","6",0,"P"," ","6",0,"P"," ","6",0,"T"," ","6",0,"P"," ","6",0,"P"," ","6",0,"P"," ","6",97," "," ","6",13," "," ","6",0,"P"," ","6",0,"T"," ","6",0,"P"," ","6",0,"P"," ","6",0,"P"," ","6",0,"P"," ","6",0,"P"," ","6",8," "," ","6",23," "," ","6",23," "," ","6",0,"P"," ","6",0,"P"," ","6",0,"P"," ","6",0,"P"," ","6",0,"P"," ","6",0,"P"," ","6",0,"P"," ","6",0,"P"," ","6",NA," "," "," "
"211","USC00397227",1909,10,"PRCP",0,"P"," ","6",0,"P"," ","6",0,"P"," ","6",0,"P"," ","6",28," "," ","6",10," "," ","6",124," "," ","6",0,"P"," ","6",0,"P"," ","6",23," "," ","6",0,"P"," ","6",0,"P"," ","6",0,"P"," ","6",0,"P"," ","6",0,"P"," ","6",0,"P"," ","6",0,"P"," ","6",0,"P"," ","6",0,"P"," ","6",0,"P"," ","6",0,"P"," ","6",0,"P"," ","6",0,"P"," ","6",0,"P"," ","6",0,"P"," ","6",0,"P"," ","6",0,"P"," ","6",0,"P"," ","6",0,"P"," ","6",0,"P"," ","6",0,"P"," ","6"
"213","USC00397227",1909,11,"PRCP",0,"P"," ","6",0,"P"," ","6",0,"P"," ","6",0,"P"," ","6",0,"P"," ","6",0,"P"," ","6",0,"P"," ","6",0,"P"," ","6",0,"P"," ","6",0,"T"," ","6",10," "," ","6",33," "," ","6",30," "," ","6",13," "," ","6",0,"P"," ","6",0,"P"," ","6",0,"P"," ","6",0,"P"," ","6",0,"P"," ","6",28," "," ","6",30," "," ","6",0,"P"," ","6",0,"P"," ","6",0,"P"," ","6",0,"P"," ","6",5," "," ","6",13," "," ","6",0,"P"," ","6",0,"P"," ","6",0,"P"," ","6",NA," "," "," "
"216","USC00397227",1909,12,"PRCP",0,"P"," ","6",0,"P"," ","6",36," "," ","6",18," "," ","6",0,"P"," ","6",0,"P"," ","6",0,"P"," ","6",0,"P"," ","6",0,"P"," ","6",38," "," ","6",0,"T"," ","6",36," "," ","6",43," "," ","6",0,"T"," ","6",76," "," ","6",5," "," ","6",0,"P"," ","6",0,"P"," ","6",0,"P"," ","6",0,"P"," ","6",0,"P"," ","6",0,"P"," ","6",0,"P"," ","6",0,"P"," ","6",0,"P"," ","6",13," "," ","6",58," "," ","6",18," "," ","6",0,"P"," ","6",0,"P"," ","6",0,"P"," ","6"
"219","USC00397227",1910,1,"PRCP",76," "," ","6",0,"T"," ","6",33," "," ","6",0,"T"," ","6",0,"P"," ","6",0,"P"," ","6",0,"P"," ","6",0,"P"," ","6",0,"P"," ","6",0,"P"," ","6",33," "," ","6",0,"P"," ","6",0,"P"," ","6",0,"P"," ","6",0,"P"," ","6",51," "," ","6",0,"P"," ","6",0,"P"," ","6",13," "," ","6",0,"P"," ","6",0,"P"," ","6",0,"T"," ","6",0,"P"," ","6",0,"P"," ","6",33," "," ","6",5," "," ","6",0,"P"," ","6",30," "," ","6",0,"P"," ","6",0,"P"," ","6",0,"P"," ","6"
"222","USC00397227",1910,2,"PRCP",0,"T"," ","6",0,"P"," ","6",0,"P"," ","6",0,"P"," ","6",0,"P"," ","6",0,"P"," ","6",0,"T"," ","6",0,"P"," ","6",0,"P"," ","6",0,"P"," ","6",0,"T"," ","6",0,"P"," ","6",0,"P"," ","6",0,"T"," ","6",0,"P"," ","6",0,"P"," ","6",0,"P"," ","6",0,"P"," ","6",0,"T"," ","6",0,"P"," ","6",0,"P"," ","6",0,"P"," ","6",0,"P"," ","6",0,"P"," ","6",8," "," ","6",0,"P"," ","6",0,"P"," ","6",0,"P"," ","6",NA," "," "," ",NA," "," "," ",NA," "," "," "
"225","USC00397227",1910,3,"PRCP",13," "," ","6",0,"P"," ","6",0,"P"," ","6",0,"P"," ","6",0,"P"," ","6",0,"P"," ","6",0,"P"," ","6",64," "," ","6",0,"P"," ","6",0,"P"," ","6",0,"P"," ","6",0,"P"," ","6",0,"P"," ","6",0,"P"," ","6",0,"P"," ","6",0,"P"," ","6",0,"P"," ","6",0,"P"," ","6",0,"P"," ","6",0,"P"," ","6",0,"P"," ","6",0,"P"," ","6",0,"P"," ","6",0,"P"," ","6",0,"P"," ","6",178," "," ","6",102," "," ","6",0,"P"," ","6",51," "," ","6",0,"P"," ","6",0,"P"," ","6"
"228","USC00397227",1910,4,"PRCP",0,"P"," ","6",0,"P"," ","6",0,"P"," ","6",89," "," ","6",0,"P"," ","6",0,"P"," ","6",0,"P"," ","6",0,"P"," ","6",0,"P"," ","6",36," "," ","6",0,"T"," ","6",0,"T"," ","6",0,"T"," ","6",152," "," ","6",51," "," ","6",0,"P"," ","6",0,"P"," ","6",0,"P"," ","6",0,"P"," ","6",0,"P"," ","6",0,"P"," ","6",0,"P"," ","6",0,"P"," ","6",0,"P"," ","6",0,"P"," ","6",0,"P"," ","6",0,"P"," ","6",0,"P"," ","6",0,"T"," ","6",30," "," ","6",NA," "," "," "
"231","USC00397227",1910,5,"PRCP",0,"T"," ","6",0,"P"," ","6",0,"P"," ","6",0,"P"," ","6",0,"P"," ","6",122," "," ","6",0,"P"," ","6",0,"P"," ","6",0,"P"," ","6",216," "," ","6",0,"P"," ","6",15," "," ","6",61," "," ","6",58," "," ","6",0,"T"," ","6",18," "," ","6",0,"P"," ","6",0,"P"," ","6",64," "," ","6",25," "," ","6",0,"P"," ","6",0,"T"," ","6",0,"P"," ","6",0,"P"," ","6",0,"P"," ","6",8," "," ","6",38," "," ","6",0,"P"," ","6",0,"P"," ","6",0,"P"," ","6",0,"P"," ","6"
"234","USC00397227",1910,6,"PRCP",8," "," ","6",41," "," ","6",10," "," ","6",0,"P"," ","6",0,"P"," ","6",10," "," ","6",41," "," ","6",13," "," ","6",0,"P"," ","6",0,"P"," ","6",0,"P"," ","6",0,"P"," ","6",0,"P"," ","6",0,"P"," ","6",3," "," ","6",0,"P"," ","6",5," "," ","6",0,"P"," ","6",0,"P"," ","6",48," "," ","6",0,"P"," ","6",0,"T"," ","6",13," "," ","6",0,"P"," ","6",0,"P"," ","6",0,"P"," ","6",0,"P"," ","6",0,"P"," ","6",0,"P"," ","6",0,"P"," ","6",NA," "," "," "
"235","USC00397227",1910,7,"PRCP",231," "," ","6",0,"P"," ","6",0,"P"," ","6",0,"P"," ","6",0,"P"," ","6",0,"P"," ","6",0,"P"," ","6",0,"T"," ","6",165," "," ","6",0,"P"," ","6",0,"P"," ","6",0,"P"," ","6",0,"P"," ","6",0,"P"," ","6",0,"P"," ","6",0,"P"," ","6",0,"P"," ","6",0,"P"," ","6",234," "," ","6",0,"P"," ","6",15," "," ","6",0,"P"," ","6",0,"P"," ","6",0,"P"," ","6",0,"P"," ","6",0,"P"," ","6",0,"P"," ","6",94," "," ","6",3," "," ","6",0,"P"," ","6",147," "," ","6"
"236","USC00397227",1910,8,"PRCP",18," "," ","6",0,"P"," ","6",0,"P"," ","6",0,"P"," ","6",5," "," ","6",36," "," ","6",51," "," ","6",36," "," ","6",0,"P"," ","6",0,"T"," ","6",0,"P"," ","6",51," "," ","6",0,"P"," ","6",0,"P"," ","6",0,"P"," ","6",0,"P"," ","6",0,"P"," ","6",0,"P"," ","6",0,"P"," ","6",0,"P"," ","6",0,"P"," ","6",0,"P"," ","6",0,"P"," ","6",0,"T"," ","6",0,"P"," ","6",0,"P"," ","6",0,"P"," ","6",0,"P"," ","6",0,"P"," ","6",0,"P"," ","6",0,"P"," ","6"
"239","USC00397227",1910,9,"PRCP",0,"T"," ","6",0,"P"," ","6",0,"P"," ","6",0,"P"," ","6",51," "," ","6",0,"P"," ","6",0,"P"," ","6",0,"T"," ","6",0,"P"," ","6",0,"P"," ","6",13," "," ","6",38," "," ","6",8," "," ","6",0,"P"," ","6",0,"P"," ","6",0,"P"," ","6",0,"T"," ","6",0,"P"," ","6",0,"T"," ","6",0,"T"," ","6",13," "," ","6",20," "," ","6",0,"P"," ","6",0,"T"," ","6",20," "," ","6",0,"P"," ","6",0,"P"," ","6",0,"P"," ","6",0,"P"," ","6",0,"P"," ","6",NA," "," "," "
"241","USC00397227",1910,10,"PRCP",0,"P"," ","6",0,"T"," ","6",0,"P"," ","6",0,"T"," ","6",0,"P"," ","6",0,"P"," ","6",0,"P"," ","6",0,"P"," ","6",0,"P"," ","6",0,"P"," ","6",0,"P"," ","6",0,"P"," ","6",0,"P"," ","6",0,"P"," ","6",0,"P"," ","6",46," "," ","6",51," "," ","6",0,"T"," ","6",46," "," ","6",0,"P"," ","6",0,"P"," ","6",0,"P"," ","6",0,"P"," ","6",0,"P"," ","6",0,"P"," ","6",36," "," ","6",0,"P"," ","6",0,"P"," ","6",0,"P"," ","6",0,"P"," ","6",0,"T"," ","6"
"244","USC00397227",1910,12,"PRCP",0,"P"," ","6",0,"P"," ","6",0,"P"," ","6",18," "," ","6",18," "," ","6",0,"P"," ","6",0,"P"," ","6",0,"P"," ","6",0,"T"," ","6",0,"P"," ","6",0,"P"," ","6",0,"P"," ","6",0,"P"," ","6",0,"P"," ","6",0,"P"," ","6",0,"P"," ","6",0,"P"," ","6",0,"P"," ","6",8," "," ","6",0,"P"," ","6",0,"P"," ","6",8," "," ","6",10," "," ","6",0,"P"," ","6",0,"P"," ","6",0,"P"," ","6",0,"P"," ","6",10," "," ","6",0,"P"," ","6",0,"P"," ","6",0,"T"," ","6"
"247","USC00397227",1911,1,"PRCP",20," "," ","6",0,"P"," ","6",3," "," ","6",0,"P"," ","6",46," "," ","6",0,"T"," ","6",38," "," ","6",0,"P"," ","6",0,"P"," ","6",0,"T"," ","6",0,"P"," ","6",0,"P"," ","6",0,"P"," ","6",0,"P"," ","6",0,"P"," ","6",8," "," ","6",0,"P"," ","6",0,"P"," ","6",0,"P"," ","6",13," "," ","6",0,"P"," ","6",0,"P"," ","6",0,"P"," ","6",0,"P"," ","6",0,"P"," ","6",0,"P"," ","6",0,"P"," ","6",0,"P"," ","6",0,"P"," ","6",0,"P"," ","6",0,"T"," ","6"
"250","USC00397227",1911,2,"PRCP",0,"P"," ","6",0,"P"," ","6",0,"P"," ","6",0,"P"," ","6",20," "," ","6",0,"T"," ","6",0,"P"," ","6",0,"T"," ","6",0,"P"," ","6",0,"P"," ","6",0,"P"," ","6",0,"P"," ","6",0,"P"," ","6",46," "," ","6",0,"T"," ","6",0,"P"," ","6",0,"P"," ","6",0,"P"," ","6",0,"P"," ","6",0,"P"," ","6",0,"P"," ","6",0,"P"," ","6",0,"P"," ","6",0,"P"," ","6",13," "," ","6",28," "," ","6",0,"P"," ","6",0,"P"," ","6",NA," "," "," ",NA," "," "," ",NA," "," "," "
"253","USC00397227",1911,3,"PRCP",0,"P"," ","6",0,"P"," ","6",0,"P"," ","6",0,"P"," ","6",0,"P"," ","6",0,"P"," ","6",0,"P"," ","6",0,"P"," ","6",0,"P"," ","6",0,"P"," ","6",0,"P"," ","6",0,"P"," ","6",0,"P"," ","6",0,"P"," ","6",0,"P"," ","6",0,"P"," ","6",0,"P"," ","6",0,"P"," ","6",0,"P"," ","6",0,"P"," ","6",0,"P"," ","6",0,"P"," ","6",0,"P"," ","6",0,"P"," ","6",0,"P"," ","6",165," "," ","6",0,"P"," ","6",0,"P"," ","6",38," "," ","6",0,"P"," ","6",10," "," ","6"
"256","USC00397227",1911,4,"PRCP",0,"P"," ","6",0,"P"," ","6",0,"P"," ","6",0,"P"," ","6",30," "," ","6",0,"P"," ","6",0,"P"," ","6",0,"P"," ","6",0,"P"," ","6",13," "," ","6",0,"P"," ","6",38," "," ","6",0,"P"," ","6",0,"P"," ","6",0,"P"," ","6",0,"P"," ","6",0,"P"," ","6",0,"P"," ","6",0,"P"," ","6",0,"P"," ","6",58," "," ","6",0,"P"," ","6",0,"T"," ","6",0,"P"," ","6",13," "," ","6",0,"P"," ","6",15," "," ","6",3," "," ","6",48," "," ","6",8," "," ","6",NA," "," "," "
"259","USC00397227",1911,5,"PRCP",0,"P"," ","6",0,"P"," ","6",0,"P"," ","6",0,"P"," ","6",0,"P"," ","6",0,"P"," ","6",0,"P"," ","6",0,"P"," ","6",0,"P"," ","6",25," "," ","6",0,"P"," ","6",0,"P"," ","6",0,"P"," ","6",25," "," ","6",0,"P"," ","6",0,"P"," ","6",0,"P"," ","6",25," "," ","6",3," "," ","6",0,"P"," ","6",0,"P"," ","6",0,"P"," ","6",20," "," ","6",0,"P"," ","6",0,"P"," ","6",0,"T"," ","6",0,"P"," ","6",13," "," ","6",8," "," ","6",0,"P"," ","6",46," "," ","6"
"262","USC00397227",1911,6,"PRCP",0,"P"," ","6",0,"P"," ","6",0,"P"," ","6",0,"P"," ","6",0,"P"," ","6",0,"P"," ","6",0,"P"," ","6",0,"P"," ","6",10," "," ","6",127," "," ","6",0,"P"," ","6",0,"P"," ","6",0,"P"," ","6",0,"P"," ","6",13," "," ","6",0,"T"," ","6",0,"P"," ","6",0,"P"," ","6",0,"P"," ","6",0,"P"," ","6",0,"P"," ","6",287," "," ","6",13," "," ","6",0,"P"," ","6",0,"P"," ","6",0,"P"," ","6",0,"P"," ","6",0,"P"," ","6",0,"P"," ","6",0,"T"," ","6",NA," "," "," "
"264","USC00397227",1911,7,"PRCP",0,"P"," ","6",0,"P"," ","6",0,"P"," ","6",0,"P"," ","6",0,"P"," ","6",0,"P"," ","6",0,"P"," ","6",18," "," ","6",0,"P"," ","6",0,"P"," ","6",0,"P"," ","6",0,"P"," ","6",38," "," ","6",0,"P"," ","6",0,"P"," ","6",0,"P"," ","6",0,"T"," ","6",0,"P"," ","6",48," "," ","6",0,"P"," ","6",18," "," ","6",28," "," ","6",25," "," ","6",0,"P"," ","6",0,"P"," ","6",0,"P"," ","6",10," "," ","6",0,"P"," ","6",0,"P"," ","6",0,"P"," ","6",81," "," ","6"
"266","USC00397227",1911,8,"PRCP",NA," "," "," ",74," "," ","6",18," "," ","6",8," "," ","6",152," "," ","6",175," "," ","6",NA," "," "," ",NA," "," "," ",NA," "," "," ",NA," "," "," ",NA," "," "," ",NA," "," "," ",NA," "," "," ",NA," "," "," ",NA," "," "," ",0,"T"," ","6",23," "," ","6",15," "," ","6",64," "," ","6",NA," "," "," ",8," "," ","6",0,"T"," ","6",18," "," ","6",170," "," ","6",NA," "," "," ",NA," "," "," ",20," "," ","6",NA," "," "," ",NA," "," "," ",NA," "," "," ",NA," "," "," "
"268","USC00397227",1911,9,"PRCP",0,"P"," ","6",0,"P"," ","6",0,"P"," ","6",0,"P"," ","6",58," "," ","6",15," "," ","6",0,"P"," ","6",0,"P"," ","6",0,"P"," ","6",0,"P"," ","6",0,"P"," ","6",0,"P"," ","6",0,"P"," ","6",0,"P"," ","6",0,"P"," ","6",0,"P"," ","6",0,"P"," ","6",0,"P"," ","6",0,"P"," ","6",0,"P"," ","6",0,"P"," ","6",0,"P"," ","6",0,"P"," ","6",0,"T"," ","6",0,"P"," ","6",0,"P"," ","6",0,"T"," ","6",0,"P"," ","6",0,"P"," ","6",38," "," ","6",NA," "," "," "
"270","USC00397227",1911,10,"PRCP",117," "," ","6",0,"T"," ","6",51," "," ","6",0,"P"," ","6",0,"T"," ","6",0,"P"," ","6",0,"P"," ","6",0,"P"," ","6",0,"P"," ","6",0,"P"," ","6",51," "," ","6",0,"T"," ","6",0,"P"," ","6",0,"P"," ","6",94," "," ","6",0,"P"," ","6",0,"P"," ","6",43," "," ","6",13," "," ","6",13," "," ","6",0,"P"," ","6",0,"P"," ","6",0,"P"," ","6",0,"P"," ","6",89," "," ","6",0,"P"," ","6",0,"P"," ","6",0,"P"," ","6",0,"P"," ","6",0,"P"," ","6",13," "," ","6"
"273","USC00397227",1911,11,"PRCP",0,"P"," ","6",0,"P"," ","6",0,"P"," ","6",0,"P"," ","6",51," "," ","6",13," "," ","6",0,"P"," ","6",0,"P"," ","6",13," "," ","6",0,"T"," ","6",102," "," ","6",0,"P"," ","6",0,"P"," ","6",0,"P"," ","6",0,"P"," ","6",51," "," ","6",13," "," ","6",102," "," ","6",25," "," ","6",13," "," ","6",0,"P"," ","6",0,"P"," ","6",0,"P"," ","6",0,"P"," ","6",0,"P"," ","6",20," "," ","6",20," "," ","6",30," "," ","6",0,"P"," ","6",0,"P"," ","6",NA," "," "," "
"276","USC00397227",1911,12,"PRCP",0,"P"," ","6",0,"P"," ","6",0,"P"," ","6",0,"P"," ","6",0,"P"," ","6",0,"P"," ","6",0,"P"," ","6",0,"P"," ","6",0,"P"," ","6",0,"P"," ","6",0,"T"," ","6",5," "," ","6",20," "," ","6",13," "," ","6",5," "," ","6",38," "," ","6",10," "," ","6",41," "," ","6",0,"P"," ","6",91," "," ","6",0,"P"," ","6",0,"P"," ","6",0,"P"," ","6",0,"P"," ","6",0,"P"," ","6",0,"P"," ","6",5," "," ","6",0,"P"," ","6",30," "," ","6",5," "," ","6",0,"P"," ","6"
"279","USC00397227",1912,1,"PRCP",0,"P"," ","6",0,"P"," ","6",0,"P"," ","6",0,"P"," ","6",5," "," ","6",0,"P"," ","6",0,"P"," ","6",51," "," ","6",0,"P"," ","6",0,"P"," ","6",5," "," ","6",0,"P"," ","6",0,"P"," ","6",0,"P"," ","6",0,"P"," ","6",0,"P"," ","6",51," "," ","6",0,"P"," ","6",0,"P"," ","6",0,"P"," ","6",0,"P"," ","6",0,"P"," ","6",0,"P"," ","6",0,"P"," ","6",0,"P"," ","6",0,"P"," ","6",0,"P"," ","6",0,"P"," ","6",0,"P"," ","6",0,"T"," ","6",0,"T"," ","6"
"282","USC00397227",1912,2,"PRCP",0,"P"," ","6",127," "," ","6",0,"P"," ","6",0,"P"," ","6",0,"P"," ","6",0,"P"," ","6",0,"T"," ","6",0,"T"," ","6",18," "," ","6",0,"T"," ","6",0,"P"," ","6",0,"T"," ","6",0,"P"," ","6",0,"P"," ","6",0,"P"," ","6",0,"T"," ","6",0,"P"," ","6",13," "," ","6",0,"P"," ","6",0,"P"," ","6",0,"P"," ","6",0,"T"," ","6",0,"P"," ","6",0,"T"," ","6",0,"T"," ","6",0,"P"," ","6",0,"T"," ","6",0,"T"," ","6",0,"P"," ","6",NA," "," "," ",NA," "," "," "
"285","USC00397227",1912,3,"PRCP",13," "," ","6",64," "," ","6",0,"P"," ","6",0,"P"," ","6",0,"P"," ","6",0,"P"," ","6",13," "," ","6",0,"P"," ","6",0,"P"," ","6",0,"T"," ","6",51," "," ","6",0,"P"," ","6",46," "," ","6",13," "," ","6",0,"P"," ","6",0,"P"," ","6",0,"P"," ","6",0,"P"," ","6",38," "," ","6",51," "," ","6",0,"P"," ","6",0,"P"," ","6",0,"P"," ","6",0,"P"," ","6",0,"P"," ","6",0,"P"," ","6",0,"P"," ","6",0,"P"," ","6",0,"P"," ","6",25," "," ","6",0,"P"," ","6"
"288","USC00397227",1912,4,"PRCP",0,"P"," ","6",0,"P"," ","6",0,"P"," ","6",0,"P"," ","6",0,"T"," ","6",25," "," ","6",0,"P"," ","6",0,"P"," ","6",0,"P"," ","6",0,"P"," ","6",13," "," ","6",0,"T"," ","6",254," "," ","6",0,"P"," ","6",0,"P"," ","6",0,"P"," ","6",64," "," ","6",13," "," ","6",0,"P"," ","6",168," "," ","6",0,"P"," ","6",0,"P"," ","6",0,"P"," ","6",0,"P"," ","6",25," "," ","6",0,"P"," ","6",5," "," ","6",0,"P"," ","6",0,"T"," ","6",0,"T"," ","6",NA," "," "," "
"291","USC00397227",1912,5,"PRCP",0,"P"," ","6",0,"P"," ","6",36," "," ","6",30," "," ","6",43," "," ","6",20," "," ","6",0,"P"," ","6",0,"P"," ","6",0,"T"," ","6",0,"P"," ","6",0,"P"," ","6",8," "," ","6",0,"P"," ","6",8," "," ","6",0,"P"," ","6",0,"T"," ","6",0,"P"," ","6",8," "," ","6",25," "," ","6",102," "," ","6",61," "," ","6",0,"P"," ","6",0,"P"," ","6",0,"P"," ","6",0,"P"," ","6",3," "," ","6",0,"P"," ","6",0,"P"," ","6",0,"P"," ","6",28," "," ","6",0,"P"," ","6"
"293","USC00397227",1912,6,"PRCP",0,"P"," ","6",0,"P"," ","6",0,"P"," ","6",0,"P"," ","6",0,"P"," ","6",13," "," ","6",0,"P"," ","6",0,"P"," ","6",0,"P"," ","6",38," "," ","6",0,"P"," ","6",109," "," ","6",18," "," ","6",33," "," ","6",0,"P"," ","6",51," "," ","6",0,"P"," ","6",0,"P"," ","6",0,"P"," ","6",0,"P"," ","6",0,"P"," ","6",0,"P"," ","6",0,"P"," ","6",0,"P"," ","6",0,"P"," ","6",0,"T"," ","6",0,"P"," ","6",69," "," ","6",0,"P"," ","6",0,"T"," ","6",NA," "," "," "
"295","USC00397227",1912,7,"PRCP",38," "," ","6",135," "," ","6",175," "," ","6",132," "," ","6",64," "," ","6",0,"P"," ","6",13," "," ","6",5," "," ","6",0,"T"," ","6",8," "," ","6",0,"T"," ","6",0,"T"," ","6",0,"P"," ","6",0,"P"," ","6",0,"P"," ","6",0,"P"," ","6",84," "," ","6",0,"P"," ","6",0,"T"," ","6",36," "," ","6",0,"P"," ","6",8," "," ","6",0,"T"," ","6",0,"P"," ","6",0,"P"," ","6",0,"P"," ","6",0,"P"," ","6",0,"P"," ","6",71," "," ","6",0,"P"," ","6",0,"P"," ","6"
"298","USC00397227",1912,8,"PRCP",0,"P"," ","6",56," "," ","6",23," "," ","6",30," "," ","6",0,"P"," ","6",0,"P"," ","6",74," "," ","6",0,"P"," ","6",0,"P"," ","6",0,"P"," ","6",0,"P"," ","6",0,"P"," ","6",28," "," ","6",191," "," ","6",5," "," ","6",0,"P"," ","6",0,"P"," ","6",30," "," ","6",0,"T"," ","6",0,"P"," ","6",0,"P"," ","6",0,"P"," ","6",0,"P"," ","6",0,"P"," ","6",0,"P"," ","6",0,"P"," ","6",0,"P"," ","6",0,"T"," ","6",0,"T"," ","6",0,"T"," ","6",0,"P"," ","6"
"300","USC00397227",1912,9,"PRCP",0,"P"," ","6",0,"P"," ","6",0,"P"," ","6",51," "," ","6",0,"P"," ","6",0,"P"," ","6",0,"P"," ","6",0,"T"," ","6",0,"T"," ","6",234," "," ","6",0,"P"," ","6",0,"P"," ","6",0,"T"," ","6",0,"T"," ","6",51," "," ","6",0,"P"," ","6",0,"P"," ","6",0,"P"," ","6",0,"T"," ","6",20," "," ","6",76," "," ","6",0,"P"," ","6",89," "," ","6",64," "," ","6",0,"T"," ","6",0,"P"," ","6",51," "," ","6",0,"P"," ","6",0,"P"," ","6",0,"P"," ","6",NA," "," "," "
"303","USC00397227",1912,10,"PRCP",0,"P"," ","6",0,"P"," ","6",0,"P"," ","6",0,"P"," ","6",51," "," ","6",13," "," ","6",0,"P"," ","6",0,"P"," ","6",0,"T"," ","6",25," "," ","6",0,"P"," ","6",3," "," ","6",0,"P"," ","6",0,"P"," ","6",0,"P"," ","6",0,"P"," ","6",0,"P"," ","6",0,"T"," ","6",0,"P"," ","6",0,"P"," ","6",0,"P"," ","6",0,"P"," ","6",0,"P"," ","6",0,"P"," ","6",0,"P"," ","6",0,"P"," ","6",0,"P"," ","6",0,"T"," ","6",0,"P"," ","6",43," "," ","6",0,"P"," ","6"
"306","USC00397227",1912,11,"PRCP",0,"P"," ","6",0,"P"," ","6",0,"P"," ","6",0,"P"," ","6",0,"P"," ","6",0,"P"," ","6",0,"P"," ","6",0,"P"," ","6",0,"P"," ","6",0,"P"," ","6",3," "," ","6",0,"P"," ","6",0,"P"," ","6",0,"P"," ","6",0,"P"," ","6",0,"P"," ","6",0,"P"," ","6",0,"P"," ","6",0,"P"," ","6",0,"P"," ","6",0,"P"," ","6",0,"P"," ","6",0,"P"," ","6",0,"P"," ","6",0,"T"," ","6",20," "," ","6",0,"P"," ","6",0,"P"," ","6",5," "," ","6",0,"P"," ","6",NA," "," "," "
"309","USC00397227",1912,12,"PRCP",NA," "," "," ",5," "," ","6",3," "," ","6",NA," "," "," ",10," "," ","6",5," "," ","6",71," "," ","6",NA," "," "," ",NA," "," "," ",8," "," ","6",5," "," ","6",NA," "," "," ",NA," "," "," ",0,"T"," ","6",NA," "," "," ",NA," "," "," ",13," "," ","6",NA," "," "," ",13," "," ","6",NA," "," "," ",NA," "," "," ",NA," "," "," ",NA," "," "," ",NA," "," "," ",NA," "," "," ",NA," "," "," ",NA," "," "," ",NA," "," "," ",NA," "," "," ",10," "," ","6",NA," "," "," "
"312","USC00397227",1913,1,"PRCP",0,"P"," ","6",0,"P"," ","6",69," "," ","6",20," "," ","6",0,"P"," ","6",0,"P"," ","6",0,"P"," ","6",0,"P"," ","6",0,"P"," ","6",0,"P"," ","6",0,"P"," ","6",0,"P"," ","6",0,"P"," ","6",0,"P"," ","6",0,"P"," ","6",10," "," ","6",3," "," ","6",0,"P"," ","6",0,"P"," ","6",5," "," ","6",0,"P"," ","6",0,"P"," ","6",0,"P"," ","6",0,"P"," ","6",15," "," ","6",0,"P"," ","6",23," "," ","6",0,"P"," ","6",46," "," ","6",15," "," ","6",13," "," ","6"
"315","USC00397227",1913,2,"PRCP",0,"P"," ","6",0,"P"," ","6",10," "," ","6",0,"P"," ","6",0,"P"," ","6",0,"P"," ","6",0,"P"," ","6",0,"P"," ","6",0,"P"," ","6",0,"P"," ","6",0,"P"," ","6",0,"P"," ","6",0,"P"," ","6",0,"P"," ","6",0,"P"," ","6",0,"P"," ","6",0,"P"," ","6",0,"P"," ","6",25," "," ","6",25," "," ","6",0,"P"," ","6",0,"P"," ","6",0,"P"," ","6",0,"P"," ","6",0,"P"," ","6",0,"P"," ","6",3," "," ","6",0,"P"," ","6",NA," "," "," ",NA," "," "," ",NA," "," "," "
"318","USC00397227",1913,3,"PRCP",0,"P"," ","6",0,"P"," ","6",0,"T"," ","6",0,"P"," ","6",0,"T"," ","6",0,"P"," ","6",0,"P"," ","6",0,"P"," ","6",0,"P"," ","6",0,"P"," ","6",0,"P"," ","6",0,"P"," ","6",81," "," ","6",8," "," ","6",0,"P"," ","6",0,"P"," ","6",0,"P"," ","6",0,"P"," ","6",0,"P"," ","6",30," "," ","6",0,"P"," ","6",0,"P"," ","6",25," "," ","6",25," "," ","6",0,"P"," ","6",0,"P"," ","6",0,"P"," ","6",0,"P"," ","6",0,"P"," ","6",46," "," ","6",0,"P"," ","6"
"321","USC00397227",1913,4,"PRCP",8," "," ","6",25," "," ","6",0,"P"," ","6",0,"P"," ","6",0,"P"," ","6",0,"T"," ","6",3," "," ","6",0,"P"," ","6",25," "," ","6",0,"P"," ","6",0,"P"," ","6",0,"P"," ","6",0,"P"," ","6",0,"P"," ","6",0,"P"," ","6",0,"P"," ","6",0,"P"," ","6",0,"P"," ","6",0,"T"," ","6",0,"P"," ","6",0,"P"," ","6",41," "," ","6",0,"P"," ","6",0,"P"," ","6",5," "," ","6",0,"P"," ","6",0,"P"," ","6",0,"P"," ","6",0,"P"," ","6",0,"P"," ","6",NA," "," "," "
"324","USC00397227",1913,5,"PRCP",0,"P"," ","6",23," "," ","6",0,"P"," ","6",0,"T"," ","6",0,"T"," ","6",25," "," ","6",0,"P"," ","6",38," "," ","6",0,"P"," ","6",102," "," ","6",0,"T"," ","6",0,"P"," ","6",165," "," ","6",61," "," ","6",0,"P"," ","6",13," "," ","6",0,"T"," ","6",140," "," ","6",13," "," ","6",0,"P"," ","6",0,"T"," ","6",0,"P"," ","6",0,"T"," ","6",0,"P"," ","6",0,"P"," ","6",0,"P"," ","6",0,"P"," ","6",0,"P"," ","6",188," "," ","6",0,"P"," ","6",0,"P"," ","6"
"327","USC00397227",1913,6,"PRCP",0,"P"," ","6",0,"P"," ","6",0,"P"," ","6",0,"P"," ","6",0,"P"," ","6",48," "," ","6",0,"P"," ","6",0,"P"," ","6",0,"P"," ","6",0,"P"," ","6",0,"P"," ","6",0,"P"," ","6",272," "," ","6",0,"P"," ","6",0,"P"," ","6",0,"P"," ","6",0,"P"," ","6",25," "," ","6",3," "," ","6",0,"P"," ","6",279," "," ","6",0,"P"," ","6",0,"P"," ","6",0,"P"," ","6",25," "," ","6",33," "," ","6",0,"P"," ","6",114," "," ","6",0,"T"," ","6",0,"P"," ","6",NA," "," "," "
"329","USC00397227",1913,7,"PRCP",0,"P"," ","6",0,"P"," ","6",18," "," ","6",0,"P"," ","6",0,"P"," ","6",0,"P"," ","6",0,"P"," ","6",0,"T"," ","6",0,"P"," ","6",61," "," ","6",0,"T"," ","6",0,"P"," ","6",0,"P"," ","6",0,"P"," ","6",0,"P"," ","6",0,"P"," ","6",8," "," ","6",145," "," ","6",0,"P"," ","6",0,"T"," ","6",0,"P"," ","6",15," "," ","6",25," "," ","6",25," "," ","6",18," "," ","6",0,"P"," ","6",0,"P"," ","6",0,"P"," ","6",0,"P"," ","6",3," "," ","6",0,"P"," ","6"
"331","USC00397227",1913,8,"PRCP",0,"P"," ","6",0,"P"," ","6",0,"P"," ","6",89," "," ","6",28," "," ","6",38," "," ","6",0,"P"," ","6",0,"P"," ","6",0,"P"," ","6",0,"P"," ","6",0,"P"," ","6",0,"P"," ","6",0,"P"," ","6",0,"P"," ","6",0,"P"," ","6",0,"P"," ","6",0,"T"," ","6",0,"P"," ","6",0,"P"," ","6",0,"P"," ","6",0,"P"," ","6",0,"P"," ","6",0,"P"," ","6",0,"P"," ","6",0,"P"," ","6",0,"P"," ","6",0,"P"," ","6",0,"P"," ","6",0,"P"," ","6",0,"P"," ","6",0,"P"," ","6"
"334","USC00397227",1913,9,"PRCP",0,"P"," ","6",0,"P"," ","6",0,"P"," ","6",0,"P"," ","6",0,"P"," ","6",0,"P"," ","6",64," "," ","6",0,"P"," ","6",0,"P"," ","6",0,"P"," ","6",0,"P"," ","6",0,"P"," ","6",0,"P"," ","6",25," "," ","6",38," "," ","6",475," "," ","6",0,"P"," ","6",0,"P"," ","6",0,"P"," ","6",0,"P"," ","6",0,"P"," ","6",0,"T"," ","6",0,"P"," ","6",0,"T"," ","6",0,"P"," ","6",0,"P"," ","6",0,"P"," ","6",0,"P"," ","6",0,"P"," ","6",0,"P"," ","6",NA," "," "," "
"337","USC00397227",1913,10,"PRCP",0,"P"," ","6",0,"P"," ","6",0,"P"," ","6",300," "," ","6",38," "," ","6",30," "," ","6",0,"P"," ","6",0,"P"," ","6",0,"P"," ","6",3," "," ","6",0,"P"," ","6",0,"P"," ","6",0,"P"," ","6",0,"P"," ","6",38," "," ","6",0,"P"," ","6",0,"P"," ","6",0,"T"," ","6",0,"P"," ","6",8," "," ","6",0,"T"," ","6",0,"P"," ","6",0,"P"," ","6",0,"P"," ","6",8," "," ","6",0,"P"," ","6",38," "," ","6",0,"P"," ","6",0,"T"," ","6",0,"P"," ","6",0,"P"," ","6"
"340","USC00397227",1913,11,"PRCP",0,"P"," ","6",0,"P"," ","6",0,"P"," ","6",0,"P"," ","6",0,"T"," ","6",38," "," ","6",0,"P"," ","6",0,"P"," ","6",0,"P"," ","6",0,"P"," ","6",0,"P"," ","6",0,"P"," ","6",0,"P"," ","6",18," "," ","6",0,"P"," ","6",0,"P"," ","6",0,"P"," ","6",0,"P"," ","6",0,"P"," ","6",0,"P"," ","6",0,"P"," ","6",0,"P"," ","6",0,"P"," ","6",0,"P"," ","6",0,"P"," ","6",0,"P"," ","6",0,"P"," ","6",0,"P"," ","6",0,"P"," ","6",0,"P"," ","6",NA," "," "," "
"342","USC00397227",1913,12,"PRCP",0,"P"," ","6",51," "," ","6",18," "," ","6",0,"P"," ","6",0,"P"," ","6",0,"P"," ","6",0,"P"," ","6",0,"P"," ","6",0,"P"," ","6",0,"P"," ","6",0,"P"," ","6",0,"P"," ","6",0,"P"," ","6",0,"P"," ","6",0,"P"," ","6",0,"P"," ","6",0,"P"," ","6",0,"P"," ","6",0,"P"," ","6",0,"P"," ","6",0,"P"," ","6",0,"P"," ","6",0,"P"," ","6",0,"P"," ","6",0,"P"," ","6",0,"P"," ","6",0,"P"," ","6",0,"P"," ","6",0,"P"," ","6",0,"P"," ","6",0,"P"," ","6"
"345","USC00397227",1914,1,"PRCP",5," "," ","6",0,"P"," ","6",3," "," ","6",0,"P"," ","6",0,"P"," ","6",0,"P"," ","6",0,"P"," ","6",0,"P"," ","6",0,"P"," ","6",5," "," ","6",0,"P"," ","6",0,"P"," ","6",0,"P"," ","6",0,"P"," ","6",0,"P"," ","6",0,"P"," ","6",0,"P"," ","6",0,"T"," ","6",0,"P"," ","6",0,"P"," ","6",0,"P"," ","6",8," "," ","6",0,"P"," ","6",0,"T"," ","6",0,"P"," ","6",0,"P"," ","6",0,"T"," ","6",0,"P"," ","6",0,"P"," ","6",0,"P"," ","6",0,"P"," ","6"
"348","USC00397227",1914,2,"PRCP",0,"P"," ","6",0,"P"," ","6",0,"P"," ","6",0,"P"," ","6",13," "," ","6",0,"P"," ","6",0,"P"," ","6",0,"P"," ","6",0,"P"," ","6",0,"P"," ","6",0,"P"," ","6",13," "," ","6",8," "," ","6",0,"P"," ","6",0,"P"," ","6",0,"P"," ","6",0,"P"," ","6",0,"P"," ","6",0,"P"," ","6",0,"P"," ","6",0,"P"," ","6",64," "," ","6",0,"P"," ","6",0,"P"," ","6",0,"P"," ","6",0,"P"," ","6",0,"P"," ","6",13," "," ","6",NA," "," "," ",NA," "," "," ",NA," "," "," "
"351","USC00397227",1914,3,"PRCP",0,"P"," ","6",0,"P"," ","6",0,"P"," ","6",13," "," ","6",13," "," ","6",13," "," ","6",0,"P"," ","6",0,"P"," ","6",0,"P"," ","6",5," "," ","6",0,"P"," ","6",0,"P"," ","6",0,"P"," ","6",0,"P"," ","6",0,"T"," ","6",0,"T"," ","6",0,"T"," ","6",51," "," ","6",0,"P"," ","6",25," "," ","6",0,"P"," ","6",0,"P"," ","6",0,"P"," ","6",0,"P"," ","6",13," "," ","6",0,"P"," ","6",0,"P"," ","6",0,"P"," ","6",0,"T"," ","6",0,"P"," ","6",18," "," ","6"
"354","USC00397227",1914,4,"PRCP",0,"P"," ","6",0,"P"," ","6",0,"P"," ","6",0,"P"," ","6",0,"P"," ","6",0,"T"," ","6",0,"P"," ","6",0,"P"," ","6",0,"P"," ","6",8," "," ","6",0,"P"," ","6",0,"P"," ","6",0,"P"," ","6",0,"P"," ","6",0,"P"," ","6",20," "," ","6",165," "," ","6",51," "," ","6",0,"P"," ","6",0,"P"," ","6",41," "," ","6",0,"P"," ","6",3," "," ","6",0,"T"," ","6",236," "," ","6",25," "," ","6",152," "," ","6",0,"P"," ","6",56," "," ","6",0,"P"," ","6",NA," "," "," "
"357","USC00397227",1914,5,"PRCP",0,"P"," ","6",0,"P"," ","6",0,"P"," ","6",61," "," ","6",0,"P"," ","6",0,"P"," ","6",0,"P"," ","6",0,"P"," ","6",0,"P"," ","6",0,"P"," ","6",48," "," ","6",0,"P"," ","6",3," "," ","6",0,"P"," ","6",0,"P"," ","6",0,"T"," ","6",10," "," ","6",0,"T"," ","6",91," "," ","6",97," "," ","6",10," "," ","6",0,"P"," ","6",10," "," ","6",0,"T"," ","6",0,"P"," ","6",0,"P"," ","6",0,"P"," ","6",99," "," ","6",0,"P"," ","6",0,"P"," ","6",0,"P"," ","6"
"359","USC00397227",1914,6,"PRCP",0,"P"," ","6",0,"P"," ","6",282," "," ","6",20," "," ","6",310," "," ","6",0,"P"," ","6",0,"P"," ","6",30," "," ","6",0,"P"," ","6",0,"P"," ","6",0,"T"," ","6",0,"P"," ","6",0,"P"," ","6",25," "," ","6",30," "," ","6",0,"P"," ","6",0,"P"," ","6",0,"P"," ","6",0,"P"," ","6",97," "," ","6",0,"T"," ","6",0,"P"," ","6",0,"P"," ","6",0,"P"," ","6",0,"P"," ","6",36," "," ","6",0,"P"," ","6",0,"P"," ","6",97," "," ","6",0,"P"," ","6",NA," "," "," "
"361","USC00397227",1914,7,"PRCP",0,"P"," ","6",0,"P"," ","6",0,"P"," ","6",0,"P"," ","6",0,"P"," ","6",0,"P"," ","6",0,"P"," ","6",0,"P"," ","6",0,"P"," ","6",0,"P"," ","6",0,"P"," ","6",0,"P"," ","6",0,"P"," ","6",51," "," ","6",0,"P"," ","6",0,"P"," ","6",0,"P"," ","6",0,"P"," ","6",0,"P"," ","6",0,"P"," ","6",0,"P"," ","6",191," "," ","6",33," "," ","6",0,"P"," ","6",0,"P"," ","6",0,"P"," ","6",127," "," ","6",51," "," ","6",287," "," ","6",0,"P"," ","6",262," "," ","6"
"363","USC00397227",1914,8,"PRCP",0,"P"," ","6",0,"P"," ","6",0,"P"," ","6",0,"P"," ","6",0,"P"," ","6",0,"P"," ","6",0,"P"," ","6",0,"P"," ","6",0,"P"," ","6",127," "," ","6",0,"P"," ","6",0,"P"," ","6",0,"P"," ","6",0,"P"," ","6",0,"P"," ","6",0,"P"," ","6",0,"P"," ","6",0,"P"," ","6",58," "," ","6",0,"P"," ","6",272," "," ","6",0,"P"," ","6",0,"P"," ","6",0,"P"," ","6",0,"P"," ","6",0,"P"," ","6",0,"P"," ","6",13," "," ","6",0,"P"," ","6",0,"P"," ","6",0,"P"," ","6"
"364","USC00397227",1914,9,"PRCP",211," "," ","6",0,"P"," ","6",0,"P"," ","6",0,"P"," ","6",0,"P"," ","6",58," "," ","6",0,"P"," ","6",0,"P"," ","6",0,"P"," ","6",0,"P"," ","6",0,"P"," ","6",20," "," ","6",10," "," ","6",0,"P"," ","6",5," "," ","6",0,"P"," ","6",0,"P"," ","6",0,"P"," ","6",0,"P"," ","6",0,"T"," ","6",3," "," ","6",0,"T"," ","6",0,"P"," ","6",0,"P"," ","6",0,"P"," ","6",0,"P"," ","6",0,"P"," ","6",0,"T"," ","6",0,"P"," ","6",0,"P"," ","6",NA," "," "," "
"365","USC00397227",1914,10,"PRCP",0,"T"," ","6",0,"P"," ","6",0,"P"," ","6",38," "," ","6",0,"P"," ","6",0,"T"," ","6",23," "," ","6",5," "," ","6",0,"P"," ","6",0,"P"," ","6",86," "," ","6",0,"P"," ","6",0,"P"," ","6",0,"P"," ","6",0,"P"," ","6",0,"P"," ","6",0,"P"," ","6",0,"P"," ","6",0,"P"," ","6",0,"P"," ","6",0,"P"," ","6",157," "," ","6",8," "," ","6",0,"P"," ","6",0,"P"," ","6",0,"P"," ","6",0,"P"," ","6",0,"P"," ","6",0,"P"," ","6",0,"P"," ","6",0,"P"," ","6"
"368","USC00397227",1914,11,"PRCP",0,"P"," ","6",0,"P"," ","6",0,"P"," ","6",0,"P"," ","6",0,"P"," ","6",0,"P"," ","6",0,"T"," ","6",0,"P"," ","6",0,"P"," ","6",0,"P"," ","6",0,"P"," ","6",0,"P"," ","6",0,"P"," ","6",10," "," ","6",0,"T"," ","6",0,"T"," ","6",13," "," ","6",0,"T"," ","6",0,"P"," ","6",0,"P"," ","6",0,"P"," ","6",0,"P"," ","6",0,"P"," ","6",0,"P"," ","6",0,"P"," ","6",0,"P"," ","6",0,"P"," ","6",0,"P"," ","6",0,"P"," ","6",0,"P"," ","6",NA," "," "," "
"371","USC00397227",1914,12,"PRCP",0,"P"," ","6",0,"P"," ","6",0,"P"," ","6",0,"P"," ","6",0,"P"," ","6",0,"T"," ","6",43," "," ","6",25," "," ","6",0,"P"," ","6",0,"P"," ","6",0,"P"," ","6",0,"P"," ","6",0,"P"," ","6",0,"P"," ","6",0,"P"," ","6",0,"P"," ","6",0,"P"," ","6",0,"P"," ","6",0,"P"," ","6",0,"P"," ","6",0,"P"," ","6",0,"P"," ","6",0,"P"," ","6",0,"P"," ","6",0,"P"," ","6",0,"P"," ","6",0,"P"," ","6",0,"P"," ","6",0,"T"," ","6",0,"T"," ","6",0,"P"," ","6"
"374","USC00397227",1915,1,"PRCP",0,"P"," ","6",114," "," ","6",0,"P"," ","6",0,"P"," ","6",0,"P"," ","6",0,"P"," ","6",0,"P"," ","6",0,"P"," ","6",0,"P"," ","6",0,"P"," ","6",0,"P"," ","6",0,"P"," ","6",5," "," ","6",0,"P"," ","6",38," "," ","6",0,"P"," ","6",20," "," ","6",137," "," ","6",107," "," ","6",46," "," ","6",46," "," ","6",0,"P"," ","6",0,"P"," ","6",51," "," ","6",0,"P"," ","6",25," "," ","6",0,"P"," ","6",0,"P"," ","6",0,"P"," ","6",76," "," ","6",13," "," ","6"
"377","USC00397227",1915,2,"PRCP",0,"P"," ","6",0,"P"," ","6",0,"P"," ","6",25," "," ","6",102," "," ","6",0,"P"," ","6",0,"P"," ","6",0,"P"," ","6",0,"P"," ","6",0,"P"," ","6",0,"P"," ","6",127," "," ","6",114," "," ","6",0,"P"," ","6",0,"P"," ","6",0,"P"," ","6",0,"P"," ","6",0,"P"," ","6",0,"P"," ","6",0,"P"," ","6",0,"T"," ","6",0,"T"," ","6",0,"P"," ","6",0,"P"," ","6",0,"P"," ","6",13," "," ","6",0,"P"," ","6",0,"P"," ","6",NA," "," "," ",NA," "," "," ",NA," "," "," "
"380","USC00397227",1915,3,"PRCP",0,"P"," ","6",0,"T"," ","6",13," "," ","6",10," "," ","6",13," "," ","6",0,"T"," ","6",0,"P"," ","6",0,"P"," ","6",0,"P"," ","6",0,"P"," ","6",0,"P"," ","6",0,"P"," ","6",0,"P"," ","6",25," "," ","6",0,"P"," ","6",0,"T"," ","6",0,"P"," ","6",5," "," ","6",0,"P"," ","6",30," "," ","6",15," "," ","6",0,"P"," ","6",0,"P"," ","6",41," "," ","6",13," "," ","6",0,"P"," ","6",0,"P"," ","6",0,"T"," ","6",41," "," ","6",0,"T"," ","6",0,"P"," ","6"
"383","USC00397227",1915,4,"PRCP",0,"P"," ","6",0,"P"," ","6",0,"P"," ","6",0,"T"," ","6",5," "," ","6",91," "," ","6",5," "," ","6",0,"P"," ","6",0,"P"," ","6",0,"T"," ","6",0,"P"," ","6",0,"P"," ","6",0,"P"," ","6",13," "," ","6",46," "," ","6",28," "," ","6",0,"P"," ","6",0,"P"," ","6",0,"P"," ","6",0,"P"," ","6",0,"P"," ","6",0,"T"," ","6",140," "," ","6",64," "," ","6",10," "," ","6",0,"P"," ","6",0,"P"," ","6",0,"P"," ","6",0,"P"," ","6",64," "," ","6",NA," "," "," "
"385","USC00397227",1915,5,"PRCP",401," "," ","6",323," "," ","6",0,"P"," ","6",5," "," ","6",3," "," ","6",0,"T"," ","6",0,"T"," ","6",0,"P"," ","6",0,"P"," ","6",0,"P"," ","6",0,"P"," ","6",0,"P"," ","6",0,"P"," ","6",0,"P"," ","6",0,"P"," ","6",0,"T"," ","6",0,"P"," ","6",0,"T"," ","6",58," "," ","6",10," "," ","6",28," "," ","6",0,"P"," ","6",36," "," ","6",3," "," ","6",38," "," ","6",8," "," ","6",69," "," ","6",0,"P"," ","6",0,"P"," ","6",25," "," ","6",13," "," ","6"
"387","USC00397227",1915,6,"PRCP",0,"P"," ","6",127," "," ","6",0,"P"," ","6",170," "," ","6",0,"P"," ","6",15," "," ","6",18," "," ","6",15," "," ","6",132," "," ","6",0,"P"," ","6",20," "," ","6",130," "," ","6",0,"P"," ","6",0,"T"," ","6",51," "," ","6",0,"P"," ","6",38," "," ","6",208," "," ","6",272," "," ","6",0,"P"," ","6",0,"P"," ","6",23," "," ","6",0,"P"," ","6",0,"P"," ","6",0,"P"," ","6",36," "," ","6",0,"P"," ","6",0,"P"," ","6",0,"P"," ","6",102," "," ","6",NA," "," "," "
"389","USC00397227",1915,7,"PRCP",28," "," ","6",0,"P"," ","6",51," "," ","6",10," "," ","6",0,"P"," ","6",20," "," ","6",74," "," ","6",30," "," ","6",140," "," ","6",25," "," ","6",0,"P"," ","6",132," "," ","6",38," "," ","6",30," "," ","6",61," "," ","6",300," "," ","6",0,"T"," ","6",25," "," ","6",0,"P"," ","6",0,"P"," ","6",0,"P"," ","6",0,"P"," ","6",0,"P"," ","6",0,"P"," ","6",173," "," ","6",102," "," ","6",0,"P"," ","6",0,"P"," ","6",196," "," ","6",58," "," ","6",117," "," ","6"
"390","USC00397227",1915,8,"PRCP",30," "," ","6",25," "," ","6",0,"P"," ","6",0,"P"," ","6",0,"P"," ","6",0,"P"," ","6",0,"P"," ","6",74," "," ","6",30," "," ","6",0,"P"," ","6",0,"P"," ","6",577," "," ","6",0,"P"," ","6",0,"P"," ","6",246," "," ","6",150," "," ","6",0,"T"," ","6",206," "," ","6",5," "," ","6",71," "," ","6",241," "," ","6",0,"P"," ","6",0,"P"," ","6",0,"P"," ","6",340," "," ","6",10," "," ","6",0,"P"," ","6",0,"P"," ","6",0,"P"," ","6",0,"P"," ","6",0,"P"," ","6"
"391","USC00397227",1915,9,"PRCP",0,"P"," ","6",0,"P"," ","6",0,"P"," ","6",10," "," ","6",61," "," ","6",0,"P"," ","6",0,"P"," ","6",13," "," ","6",0,"P"," ","6",0,"P"," ","6",33," "," ","6",10," "," ","6",112," "," ","6",0,"P"," ","6",0,"P"," ","6",0,"P"," ","6",0,"P"," ","6",0,"P"," ","6",0,"P"," ","6",0,"P"," ","6",0,"P"," ","6",0,"P"," ","6",0,"P"," ","6",0,"P"," ","6",0,"P"," ","6",140," "," ","6",0,"P"," ","6",33," "," ","6",0,"P"," ","6",0,"P"," ","6",NA," "," "," "
"393","USC00397227",1915,10,"PRCP",0,"P"," ","6",25," "," ","6",13," "," ","6",30," "," ","6",0,"P"," ","6",38," "," ","6",0,"P"," ","6",0,"P"," ","6",0,"P"," ","6",0,"P"," ","6",0,"P"," ","6",0,"P"," ","6",0,"P"," ","6",0,"P"," ","6",10," "," ","6",175," "," ","6",0,"P"," ","6",0,"P"," ","6",0,"P"," ","6",0,"P"," ","6",0,"P"," ","6",0,"P"," ","6",0,"P"," ","6",0,"T"," ","6",0,"P"," ","6",0,"P"," ","6",0,"P"," ","6",0,"P"," ","6",0,"P"," ","6",0,"P"," ","6",0,"P"," ","6"
"396","USC00397227",1915,11,"PRCP",0,"P"," ","6",0,"P"," ","6",0,"P"," ","6",0,"P"," ","6",0,"P"," ","6",0,"P"," ","6",0,"T"," ","6",0,"P"," ","6",0,"P"," ","6",0,"T"," ","6",13," "," ","6",0,"P"," ","6",0,"P"," ","6",13," "," ","6",0,"P"," ","6",0,"P"," ","6",25," "," ","6",51," "," ","6",0,"P"," ","6",0,"T"," ","6",0,"P"," ","6",0,"T"," ","6",0,"P"," ","6",0,"P"," ","6",0,"P"," ","6",0,"T"," ","6",0,"T"," ","6",51," "," ","6",0,"P"," ","6",0,"T"," ","6",NA," "," "," "
"399","USC00397227",1915,12,"PRCP",0,"P"," ","6",0,"P"," ","6",0,"P"," ","6",0,"P"," ","6",0,"P"," ","6",0,"P"," ","6",0,"P"," ","6",0,"P"," ","6",0,"P"," ","6",51," "," ","6",0,"P"," ","6",0,"T"," ","6",0,"P"," ","6",0,"P"," ","6",0,"T"," ","6",0,"T"," ","6",25," "," ","6",0,"P"," ","6",0,"P"," ","6",0,"P"," ","6",0,"P"," ","6",51," "," ","6",51," "," ","6",0,"P"," ","6",0,"P"," ","6",0,"T"," ","6",0,"P"," ","6",0,"P"," ","6",84," "," ","6",0,"P"," ","6",0,"P"," ","6"
"402","USC00397227",1916,1,"PRCP",0,"T"," ","6",0,"P"," ","6",0,"P"," ","6",0,"P"," ","6",0,"P"," ","6",0,"P"," ","6",0,"P"," ","6",0,"P"," ","6",0,"P"," ","6",0,"P"," ","6",30," "," ","6",0,"P"," ","6",0,"P"," ","6",0,"P"," ","6",38," "," ","6",0,"P"," ","6",0,"P"," ","6",0,"P"," ","6",0,"P"," ","6",0,"P"," ","6",0,"P"," ","6",0,"P"," ","6",0,"P"," ","6",0,"P"," ","6",0,"P"," ","6",0,"P"," ","6",0,"P"," ","6",46," "," ","6",0,"P"," ","6",0,"P"," ","6",0,"P"," ","6"
"405","USC00397227",1916,2,"PRCP",0,"P"," ","6",0,"T"," ","6",0,"P"," ","6",0,"P"," ","6",0,"P"," ","6",8," "," ","6",0,"P"," ","6",0,"T"," ","6",0,"P"," ","6",0,"P"," ","6",0,"T"," ","6",0,"P"," ","6",0,"P"," ","6",0,"P"," ","6",0,"P"," ","6",0,"P"," ","6",0,"P"," ","6",0,"P"," ","6",0,"P"," ","6",0,"P"," ","6",0,"P"," ","6",0,"P"," ","6",0,"P"," ","6",0,"P"," ","6",0,"T"," ","6",0,"P"," ","6",30," "," ","6",0,"P"," ","6",114," "," ","6",NA," "," "," ",NA," "," "," "
"408","USC00397227",1916,3,"PRCP",30," "," ","6",NA," "," "," ",NA," "," "," ",NA," "," "," ",0,"T"," ","6",NA," "," "," ",191," "," ","6",13," "," ","6",13," "," ","6",53," "," ","6",NA," "," "," ",NA," "," "," ",NA," "," "," ",8," "," ","6",NA," "," "," ",NA," "," "," ",NA," "," "," ",NA," "," "," ",NA," "," "," ",NA," "," "," ",25," "," ","6",NA," "," "," ",NA," "," "," ",20," "," ","6",NA," "," "," ",NA," "," "," ",NA," "," "," ",NA," "," "," ",165," "," ","6",38," "," ","6",NA," "," "," "
"411","USC00397227",1916,4,"PRCP",0,"P"," ","6",3," "," ","6",0,"T"," ","6",0,"T"," ","6",0,"T"," ","6",23," "," ","6",86," "," ","6",8," "," ","6",0,"P"," ","6",0,"P"," ","6",0,"P"," ","6",0,"P"," ","6",0,"P"," ","6",0,"P"," ","6",13," "," ","6",0,"P"," ","6",0,"P"," ","6",130," "," ","6",74," "," ","6",0,"T"," ","6",0,"P"," ","6",23," "," ","6",66," "," ","6",0,"P"," ","6",0,"P"," ","6",0,"P"," ","6",0,"P"," ","6",0,"P"," ","6",25," "," ","6",8," "," ","6",NA," "," "," "
"414","USC00397227",1916,5,"PRCP",0,"P"," ","6",0,"T"," ","6",0,"P"," ","6",0,"P"," ","6",0,"P"," ","6",0,"P"," ","6",0,"P"," ","6",0,"P"," ","6",0,"P"," ","6",0,"P"," ","6",0,"P"," ","6",76," "," ","6",114," "," ","6",18," "," ","6",198," "," ","6",0,"T"," ","6",0,"P"," ","6",0,"P"," ","6",0,"P"," ","6",109," "," ","6",66," "," ","6",5," "," ","6",13," "," ","6",20," "," ","6",10," "," ","6",0,"T"," ","6",0,"P"," ","6",0,"P"," ","6",0,"P"," ","6",0,"T"," ","6",48," "," ","6"
"417","USC00397227",1916,6,"PRCP",109," "," ","6",13," "," ","6",0,"P"," ","6",25," "," ","6",0,"P"," ","6",0,"P"," ","6",0,"P"," ","6",0,"P"," ","6",0,"P"," ","6",0,"P"," ","6",38," "," ","6",191," "," ","6",0,"P"," ","6",0,"P"," ","6",25," "," ","6",10," "," ","6",43," "," ","6",0,"P"," ","6",10," "," ","6",122," "," ","6",76," "," ","6",13," "," ","6",0,"P"," ","6",0,"P"," ","6",0,"P"," ","6",0,"P"," ","6",0,"T"," ","6",0,"P"," ","6",23," "," ","6",0,"P"," ","6",NA," "," "," "
"418","USC00397227",1916,7,"PRCP",0,"T"," ","6",0,"P"," ","6",0,"P"," ","6",0,"P"," ","6",0,"P"," ","6",0,"P"," ","6",0,"P"," ","6",0,"P"," ","6",36," "," ","6",97," "," ","6",0,"P"," ","6",0,"P"," ","6",0,"P"," ","6",0,"P"," ","6",104," "," ","6",114," "," ","6",0,"P"," ","6",43," "," ","6",0,"P"," ","6",0,"P"," ","6",0,"T"," ","6",0,"P"," ","6",0,"P"," ","6",0,"P"," ","6",0,"T"," ","6",0,"P"," ","6",0,"P"," ","6",165," "," ","6",46," "," ","6",13," "," ","6",3," "," ","6"
"420","USC00397227",1916,8,"PRCP",0,"P"," ","6",10," "," ","6",0,"P"," ","6",0,"P"," ","6",0,"P"," ","6",203," "," ","6",0,"P"," ","6",0,"P"," ","6",20," "," ","6",0,"P"," ","6",0,"P"," ","6",203," "," ","6",0,"P"," ","6",0,"P"," ","6",0,"P"," ","6",8," "," ","6",0,"P"," ","6",0,"P"," ","6",0,"P"," ","6",61," "," ","6",102," "," ","6",0,"P"," ","6",0,"P"," ","6",0,"P"," ","6",0,"P"," ","6",127," "," ","6",0,"P"," ","6",0,"P"," ","6",203," "," ","6",0,"P"," ","6",0,"P"," ","6"
"421","USC00397227",1916,9,"PRCP",NA," "," "," ",NA," "," "," ",NA," "," "," ",NA," "," "," ",NA," "," "," ",NA," "," "," ",NA," "," "," ",NA," "," "," ",NA," "," "," ",NA," "," "," ",NA," "," "," ",NA," "," "," ",NA," "," "," ",NA," "," "," ",NA," "," "," ",NA," "," "," ",NA," "," "," ",NA," "," "," ",NA," "," "," ",NA," "," "," ",NA," "," "," ",NA," "," "," ",NA," "," "," ",NA," "," "," ",NA," "," "," ",NA," "," "," ",25," "," ","6",NA," "," "," ",NA," "," "," ",NA," "," "," ",NA," "," "," "
"423","USC00397227",1916,10,"PRCP",0,"P"," ","6",25," "," ","6",20," "," ","6",25," "," ","6",0,"P"," ","6",0,"P"," ","6",20," "," ","6",0,"P"," ","6",0,"P"," ","6",0,"P"," ","6",0,"P"," ","6",0,"P"," ","6",0,"P"," ","6",0,"P"," ","6",0,"P"," ","6",0,"P"," ","6",0,"P"," ","6",51," "," ","6",51," "," ","6",0,"P"," ","6",0,"P"," ","6",51," "," ","6",0,"P"," ","6",0,"P"," ","6",0,"P"," ","6",15," "," ","6",0,"P"," ","6",15," "," ","6",0,"P"," ","6",0,"P"," ","6",0,"P"," ","6"
"425","USC00397227",1916,11,"PRCP",0,"P"," ","6",0,"P"," ","6",0,"P"," ","6",0,"P"," ","6",0,"P"," ","6",0,"T"," ","6",0,"P"," ","6",0,"P"," ","6",15," "," ","6",13," "," ","6",13," "," ","6",0,"T"," ","6",0,"P"," ","6",0,"P"," ","6",0,"P"," ","6",0,"T"," ","6",0,"P"," ","6",0,"P"," ","6",0,"P"," ","6",0,"P"," ","6",0,"P"," ","6",0,"P"," ","6",0,"T"," ","6",0,"P"," ","6",0,"P"," ","6",0,"P"," ","6",0,"P"," ","6",0,"P"," ","6",0,"P"," ","6",0,"P"," ","6",NA," "," "," "
"428","USC00397227",1916,12,"PRCP",0,"P"," ","6",0,"P"," ","6",0,"P"," ","6",0,"T"," ","6",0,"P"," ","6",0,"P"," ","6",51," "," ","6",0,"P"," ","6",0,"P"," ","6",0,"P"," ","6",51," "," ","6",56," "," ","6",0,"T"," ","6",0,"P"," ","6",0,"P"," ","6",0,"P"," ","6",0,"P"," ","6",0,"T"," ","6",46," "," ","6",0,"P"," ","6",0,"P"," ","6",0,"P"," ","6",0,"P"," ","6",0,"P"," ","6",20," "," ","6",0,"P"," ","6",0,"P"," ","6",0,"P"," ","6",0,"T"," ","6",0,"P"," ","6",0,"P"," ","6"
"431","USC00397227",1917,1,"PRCP",0,"P"," ","6",0,"P"," ","6",0,"P"," ","6",0,"P"," ","6",0,"P"," ","6",0,"P"," ","6",0,"P"," ","6",0,"P"," ","6",23," "," ","6",0,"P"," ","6",0,"P"," ","6",0,"P"," ","6",0,"P"," ","6",0,"P"," ","6",0,"T"," ","6",0,"P"," ","6",0,"P"," ","6",0,"P"," ","6",0,"P"," ","6",38," "," ","6",0,"P"," ","6",0,"T"," ","6",0,"P"," ","6",0,"P"," ","6",20," "," ","6",0,"P"," ","6",0,"P"," ","6",0,"P"," ","6",23," "," ","6",0,"T"," ","6",0,"P"," ","6"
"434","USC00397227",1917,2,"PRCP",0,"P"," ","6",0,"P"," ","6",0,"P"," ","6",0,"P"," ","6",0,"P"," ","6",30," "," ","6",0,"P"," ","6",76," "," ","6",0,"P"," ","6",0,"P"," ","6",0,"P"," ","6",0,"P"," ","6",0,"P"," ","6",0,"T"," ","6",25," "," ","6",0,"P"," ","6",0,"T"," ","6",25," "," ","6",0,"P"," ","6",0,"P"," ","6",0,"P"," ","6",0,"P"," ","6",0,"P"," ","6",0,"P"," ","6",0,"P"," ","6",0,"P"," ","6",0,"P"," ","6",0,"P"," ","6",NA," "," "," ",NA," "," "," ",NA," "," "," "
"437","USC00397227",1917,3,"PRCP",NA," "," "," ",0,"T"," ","6",0,"T"," ","6",NA," "," "," ",0,"T"," ","6",38," "," ","6",NA," "," "," ",NA," "," "," ",NA," "," "," ",51," "," ","6",NA," "," "," ",20," "," ","6",0,"T"," ","6",NA," "," "," ",61," "," ","6",NA," "," "," ",NA," "," "," ",NA," "," "," ",NA," "," "," ",NA," "," "," ",NA," "," "," ",NA," "," "," ",0,"T"," ","6",NA," "," "," ",25," "," ","6",NA," "," "," ",NA," "," "," ",NA," "," "," ",NA," "," "," ",NA," "," "," ",38," "," ","6"
"440","USC00397227",1917,4,"PRCP",10," "," ","6",0,"T"," ","6",0,"T"," ","6",0,"P"," ","6",0,"P"," ","6",20," "," ","6",30," "," ","6",0,"P"," ","6",0,"P"," ","6",56," "," ","6",0,"P"," ","6",0,"P"," ","6",0,"P"," ","6",0,"P"," ","6",97," "," ","6",51," "," ","6",0,"T"," ","6",0,"T"," ","6",36," "," ","6",0,"P"," ","6",0,"P"," ","6",0,"T"," ","6",13," "," ","6",0,"P"," ","6",0,"T"," ","6",102," "," ","6",102," "," ","6",282," "," ","6",NA," "," "," ",0,"P"," ","6",NA," "," "," "
"443","USC00397227",1917,5,"PRCP",58," "," ","6",107," "," ","6",0,"P"," ","6",0,"P"," ","6",0,"P"," ","6",0,"P"," ","6",0,"P"," ","6",0,"P"," ","6",0,"P"," ","6",0,"P"," ","6",0,"P"," ","6",102," "," ","6",0,"P"," ","6",0,"P"," ","6",0,"P"," ","6",0,"P"," ","6",0,"P"," ","6",0,"P"," ","6",0,"P"," ","6",254," "," ","6",89," "," ","6",0,"P"," ","6",0,"P"," ","6",0,"P"," ","6",178," "," ","6",0,"P"," ","6",3," "," ","6",56," "," ","6",51," "," ","6",51," "," ","6",0,"P"," ","6"
"446","USC00397227",1917,6,"PRCP",0,"P"," ","6",0,"P"," ","6",89," "," ","6",76," "," ","6",38," "," ","6",0,"P"," ","6",0,"P"," ","6",0,"P"," ","6",0,"P"," ","6",0,"P"," ","6",3," "," ","6",5," "," ","6",20," "," ","6",0,"P"," ","6",0,"P"," ","6",0,"P"," ","6",20," "," ","6",15," "," ","6",127," "," ","6",0,"P"," ","6",0,"P"," ","6",58," "," ","6",0,"P"," ","6",0,"P"," ","6",0,"P"," ","6",0,"P"," ","6",102," "," ","6",0,"P"," ","6",0,"P"," ","6",0,"T"," ","6",NA," "," "," "
"447","USC00397227",1917,7,"PRCP",0,"P"," ","6",0,"P"," ","6",0,"P"," ","6",25," "," ","6",0,"P"," ","6",0,"P"," ","6",0,"P"," ","6",0,"P"," ","6",0,"P"," ","6",0,"P"," ","6",0,"P"," ","6",0,"P"," ","6",203," "," ","6",0,"P"," ","6",0,"P"," ","6",0,"P"," ","6",0,"P"," ","6",0,"P"," ","6",0,"P"," ","6",0,"P"," ","6",0,"P"," ","6",0,"P"," ","6",0,"P"," ","6",13," "," ","6",0,"P"," ","6",0,"P"," ","6",0,"P"," ","6",0,"P"," ","6",0,"P"," ","6",0,"T"," ","6",0,"P"," ","6"
"448","USC00397227",1917,8,"PRCP",0,"P"," ","6",0,"P"," ","6",0,"P"," ","6",0,"T"," ","6",102," "," ","6",25," "," ","6",13," "," ","6",0,"P"," ","6",0,"P"," ","6",8," "," ","6",28," "," ","6",0,"P"," ","6",71," "," ","6",0,"P"," ","6",0,"P"," ","6",0,"P"," ","6",122," "," ","6",13," "," ","6",23," "," ","6",0,"P"," ","6",0,"P"," ","6",0,"P"," ","6",0,"P"," ","6",0,"P"," ","6",0,"P"," ","6",0,"P"," ","6",10," "," ","6",25," "," ","6",0,"P"," ","6",0,"P"," ","6",0,"P"," ","6"
"449","USC00397227",1917,9,"PRCP",0,"P"," ","6",0,"P"," ","6",0,"P"," ","6",0,"P"," ","6",0,"P"," ","6",10," "," ","6",0,"P"," ","6",0,"P"," ","6",0,"P"," ","6",0,"P"," ","6",0,"P"," ","6",0,"P"," ","6",0,"P"," ","6",0,"P"," ","6",0,"P"," ","6",122," "," ","6",10," "," ","6",0,"T"," ","6",0,"P"," ","6",0,"P"," ","6",0,"P"," ","6",0,"T"," ","6",0,"P"," ","6",5," "," ","6",0,"P"," ","6",0,"P"," ","6",0,"P"," ","6",0,"P"," ","6",0,"P"," ","6",0,"P"," ","6",NA," "," "," "
"450","USC00397227",1917,10,"PRCP",0,"P"," ","6",0,"P"," ","6",0,"P"," ","6",0,"P"," ","6",0,"P"," ","6",0,"P"," ","6",0,"P"," ","6",0,"P"," ","6",0,"P"," ","6",0,"P"," ","6",0,"P"," ","6",0,"P"," ","6",0,"P"," ","6",0,"P"," ","6",0,"P"," ","6",0,"P"," ","6",5," "," ","6",51," "," ","6",13," "," ","6",46," "," ","6",38," "," ","6",0,"P"," ","6",0,"P"," ","6",0,"P"," ","6",10," "," ","6",30," "," ","6",20," "," ","6",51," "," ","6",0,"P"," ","6",0,"P"," ","6",0,"P"," ","6"
"453","USC00397227",1917,11,"PRCP",0,"P"," ","6",0,"P"," ","6",0,"P"," ","6",0,"P"," ","6",0,"P"," ","6",0,"P"," ","6",0,"P"," ","6",0,"P"," ","6",0,"P"," ","6",0,"P"," ","6",0,"P"," ","6",0,"P"," ","6",0,"P"," ","6",0,"P"," ","6",3," "," ","6",0,"P"," ","6",0,"P"," ","6",0,"P"," ","6",0,"P"," ","6",0,"P"," ","6",0,"P"," ","6",0,"P"," ","6",0,"P"," ","6",0,"P"," ","6",0,"P"," ","6",0,"P"," ","6",0,"P"," ","6",0,"P"," ","6",0,"P"," ","6",0,"P"," ","6",NA," "," "," "
"455","USC00397227",1917,12,"PRCP",0,"P"," ","6",0,"P"," ","6",0,"P"," ","6",0,"P"," ","6",25," "," ","6",0,"T"," ","6",NA," "," "," ",8," "," ","6",0,"P"," ","6",0,"P"," ","6",0,"P"," ","6",46," "," ","6",25," "," ","6",0,"P"," ","6",0,"P"," ","6",0,"P"," ","6",0,"P"," ","6",0,"P"," ","6",0,"P"," ","6",0,"P"," ","6",0,"P"," ","6",0,"P"," ","6",NA," "," "," ",107," "," ","6",0,"P"," ","6",0,"P"," ","6",0,"P"," ","6",0,"P"," ","6",51," "," ","6",38," "," ","6",0,"P"," ","6"
"458","USC00397227",1918,1,"PRCP",5," "," ","6",15," "," ","6",0,"P"," ","6",46," "," ","6",10," "," ","6",0,"P"," ","6",0,"T"," ","6",0,"P"," ","6",56," "," ","6",18," "," ","6",0,"P"," ","6",0,"P"," ","6",0,"P"," ","6",0,"P"," ","6",15," "," ","6",0,"P"," ","6",0,"P"," ","6",23," "," ","6",0,"P"," ","6",0,"P"," ","6",0,"P"," ","6",0,"T"," ","6",0,"P"," ","6",0,"P"," ","6",28," "," ","6",211," "," ","6",0,"P"," ","6",0,"P"," ","6",0,"T"," ","6",0,"P"," ","6",0,"P"," ","6"
"461","USC00397227",1918,2,"PRCP",0,"P"," ","6",0,"P"," ","6",0,"P"," ","6",0,"P"," ","6",0,"P"," ","6",0,"P"," ","6",0,"P"," ","6",0,"P"," ","6",0,"P"," ","6",0,"P"," ","6",0,"P"," ","6",0,"P"," ","6",0,"T"," ","6",102," "," ","6",15," "," ","6",0,"P"," ","6",0,"P"," ","6",0,"P"," ","6",8," "," ","6",0,"P"," ","6",0,"P"," ","6",0,"P"," ","6",0,"P"," ","6",0,"T"," ","6",18," "," ","6",0,"P"," ","6",0,"P"," ","6",0,"P"," ","6",NA," "," "," ",NA," "," "," ",NA," "," "," "
"464","USC00397227",1918,3,"PRCP",0,"P"," ","6",0,"P"," ","6",0,"P"," ","6",0,"P"," ","6",20," "," ","6",0,"P"," ","6",0,"P"," ","6",18," "," ","6",0,"P"," ","6",0,"P"," ","6",0,"P"," ","6",28," "," ","6",79," "," ","6",0,"P"," ","6",0,"P"," ","6",0,"P"," ","6",0,"P"," ","6",0,"P"," ","6",0,"P"," ","6",0,"P"," ","6",0,"P"," ","6",0,"P"," ","6",0,"P"," ","6",0,"P"," ","6",0,"P"," ","6",0,"P"," ","6",0,"P"," ","6",23," "," ","6",0,"P"," ","6",0,"P"," ","6",0,"P"," ","6"
"467","USC00397227",1918,4,"PRCP",30," "," ","6",102," "," ","6",173," "," ","6",15," "," ","6",0,"P"," ","6",0,"P"," ","6",0,"P"," ","6",0,"P"," ","6",0,"P"," ","6",0,"P"," ","6",0,"P"," ","6",28," "," ","6",10," "," ","6",5," "," ","6",58," "," ","6",0,"T"," ","6",NA," "," "," ",533," "," ","6",0,"P"," ","6",0,"P"," ","6",0,"P"," ","6",0,"T"," ","6",0,"P"," ","6",0,"P"," ","6",0,"P"," ","6",107," "," ","6",0,"P"," ","6",56," "," ","6",0,"P"," ","6",0,"P"," ","6",NA," "," "," "
"470","USC00397227",1918,5,"PRCP",0,"P"," ","6",0,"P"," ","6",0,"P"," ","6",0,"P"," ","6",0,"P"," ","6",0,"T"," ","6",0,"P"," ","6",0,"T"," ","6",51," "," ","6",33," "," ","6",0,"P"," ","6",5," "," ","6",0,"P"," ","6",0,"P"," ","6",0,"P"," ","6",0,"P"," ","6",0,"P"," ","6",0,"T"," ","6",0,"P"," ","6",3," "," ","6",0,"P"," ","6",0,"P"," ","6",0,"T"," ","6",0,"P"," ","6",76," "," ","6",30," "," ","6",0,"T"," ","6",23," "," ","6",0,"P"," ","6",66," "," ","6",102," "," ","6"
"472","USC00397227",1918,6,"PRCP",0,"P"," ","6",0,"T"," ","6",0,"P"," ","6",28," "," ","6",150," "," ","6",0,"P"," ","6",53," "," ","6",0,"P"," ","6",0,"P"," ","6",0,"P"," ","6",0,"P"," ","6",132," "," ","6",28," "," ","6",0,"P"," ","6",13," "," ","6",0,"P"," ","6",25," "," ","6",368," "," ","6",104," "," ","6",0,"P"," ","6",0,"P"," ","6",10," "," ","6",122," "," ","6",0,"P"," ","6",5," "," ","6",0,"P"," ","6",0,"P"," ","6",178," "," ","6",157," "," ","6",0,"P"," ","6",NA," "," "," "
"474","USC00397227",1918,7,"PRCP",0,"P"," ","6",0,"P"," ","6",0,"P"," ","6",0,"P"," ","6",15," "," ","6",58," "," ","6",114," "," ","6",0,"P"," ","6",221," "," ","6",30," "," ","6",5," "," ","6",0,"P"," ","6",0,"P"," ","6",249," "," ","6",213," "," ","6",208," "," ","6",64," "," ","6",0,"P"," ","6",0,"P"," ","6",3," "," ","6",0,"P"," ","6",0,"P"," ","6",0,"P"," ","6",0,"P"," ","6",0,"P"," ","6",0,"P"," ","6",0,"P"," ","6",0,"P"," ","6",0,"P"," ","6",0,"P"," ","6",0,"P"," ","6"
"475","USC00397227",1918,8,"PRCP",0,"P"," ","6",0,"P"," ","6",0,"P"," ","6",0,"P"," ","6",13," "," ","6",0,"T"," ","6",300," "," ","6",0,"P"," ","6",0,"P"," ","6",0,"P"," ","6",0,"P"," ","6",0,"P"," ","6",41," "," ","6",0,"P"," ","6",0,"P"," ","6",0,"P"," ","6",0,"P"," ","6",0,"P"," ","6",0,"T"," ","6",0,"T"," ","6",0,"P"," ","6",0,"P"," ","6",0,"P"," ","6",0,"P"," ","6",0,"P"," ","6",0,"P"," ","6",3," "," ","6",0,"P"," ","6",0,"P"," ","6",0,"P"," ","6",0,"P"," ","6"
"476","USC00397227",1918,9,"PRCP",0,"P"," ","6",163," "," ","6",20," "," ","6",76," "," ","6",0,"P"," ","6",0,"P"," ","6",0,"P"," ","6",0,"P"," ","6",38," "," ","6",0,"P"," ","6",0,"P"," ","6",0,"P"," ","6",0,"P"," ","6",91," "," ","6",0,"P"," ","6",0,"P"," ","6",0,"P"," ","6",0,"P"," ","6",0,"P"," ","6",0,"P"," ","6",0,"P"," ","6",0,"P"," ","6",0,"P"," ","6",249," "," ","6",0,"P"," ","6",0,"P"," ","6",0,"P"," ","6",0,"P"," ","6",0,"P"," ","6",279," "," ","6",NA," "," "," "
"477","USC00397227",1918,10,"PRCP",0,"P"," ","6",0,"P"," ","6",0,"P"," ","6",0,"P"," ","6",0,"P"," ","6",0,"P"," ","6",0,"P"," ","6",0,"P"," ","6",0,"P"," ","6",0,"P"," ","6",0,"P"," ","6",0,"P"," ","6",0,"P"," ","6",0,"P"," ","6",0,"P"," ","6",0,"P"," ","6",0,"P"," ","6",0,"P"," ","6",0,"P"," ","6",0,"P"," ","6",0,"P"," ","6",0,"P"," ","6",13," "," ","6",0,"P"," ","6",13," "," ","6",0,"P"," ","6",0,"P"," ","6",38," "," ","6",25," "," ","6",15," "," ","6",0,"P"," ","6"
"479","USC00397227",1918,11,"PRCP",0,"P"," ","6",0,"P"," ","6",0,"P"," ","6",0,"P"," ","6",0,"T"," ","6",46," "," ","6",0,"P"," ","6",15," "," ","6",0,"P"," ","6",0,"P"," ","6",0,"P"," ","6",0,"P"," ","6",0,"P"," ","6",0,"P"," ","6",0,"P"," ","6",0,"P"," ","6",0,"P"," ","6",0,"P"," ","6",0,"P"," ","6",0,"P"," ","6",10," "," ","6",0,"T"," ","6",13," "," ","6",0,"P"," ","6",0,"P"," ","6",0,"P"," ","6",0,"P"," ","6",13," "," ","6",0,"P"," ","6",0,"T"," ","6",NA," "," "," "
"481","USC00397227",1918,12,"PRCP",46," "," ","6",0,"P"," ","6",8," "," ","6",0,"P"," ","6",0,"P"," ","6",0,"P"," ","6",0,"P"," ","6",3," "," ","6",46," "," ","6",18," "," ","6",0,"P"," ","6",0,"P"," ","6",0,"P"," ","6",0,"P"," ","6",0,"P"," ","6",0,"P"," ","6",0,"P"," ","6",0,"P"," ","6",0,"P"," ","6",5," "," ","6",33," "," ","6",3," "," ","6",0,"P"," ","6",0,"P"," ","6",3," "," ","6",53," "," ","6",0,"P"," ","6",0,"P"," ","6",0,"P"," ","6",0,"P"," ","6",0,"P"," ","6"
"484","USC00397227",1919,1,"PRCP",8," "," ","6",0,"P"," ","6",20," "," ","6",20," "," ","6",0,"P"," ","6",0,"P"," ","6",0,"P"," ","6",0,"P"," ","6",0,"P"," ","6",0,"P"," ","6",0,"P"," ","6",0,"P"," ","6",0,"P"," ","6",0,"P"," ","6",0,"P"," ","6",0,"P"," ","6",0,"P"," ","6",0,"P"," ","6",0,"P"," ","6",0,"P"," ","6",0,"P"," ","6",0,"P"," ","6",0,"P"," ","6",0,"P"," ","6",0,"P"," ","6",0,"P"," ","6",0,"P"," ","6",0,"P"," ","6",0,"P"," ","6",0,"P"," ","6",0,"P"," ","6"
"487","USC00397227",1919,2,"PRCP",0,"P"," ","6",51," "," ","6",0,"P"," ","6",0,"P"," ","6",0,"T"," ","6",0,"T"," ","6",0,"P"," ","6",0,"P"," ","6",0,"P"," ","6",0,"P"," ","6",0,"P"," ","6",0,"P"," ","6",0,"T"," ","6",0,"P"," ","6",0,"P"," ","6",0,"P"," ","6",0,"P"," ","6",0,"P"," ","6",0,"T"," ","6",46," "," ","6",0,"P"," ","6",0,"P"," ","6",56," "," ","6",0,"P"," ","6",0,"P"," ","6",0,"P"," ","6",15," "," ","6",0,"P"," ","6",NA," "," "," ",NA," "," "," ",NA," "," "," "
"490","USC00397227",1919,3,"PRCP",0,"P"," ","6",0,"P"," ","6",0,"P"," ","6",0,"T"," ","6",18," "," ","6",3," "," ","6",0,"T"," ","6",0,"T"," ","6",0,"T"," ","6",13," "," ","6",0,"P"," ","6",0,"P"," ","6",0,"P"," ","6",71," "," ","6",3," "," ","6",8," "," ","6",0,"P"," ","6",0,"P"," ","6",0,"P"," ","6",0,"P"," ","6",0,"P"," ","6",0,"P"," ","6",0,"P"," ","6",18," "," ","6",15," "," ","6",15," "," ","6",0,"P"," ","6",0,"P"," ","6",0,"P"," ","6",0,"P"," ","6",0,"P"," ","6"
"493","USC00397227",1919,4,"PRCP",28," "," ","6",56," "," ","6",0,"P"," ","6",0,"P"," ","6",3," "," ","6",91," "," ","6",142," "," ","6",33," "," ","6",0,"P"," ","6",0,"P"," ","6",15," "," ","6",0,"P"," ","6",69," "," ","6",127," "," ","6",5," "," ","6",3," "," ","6",0,"P"," ","6",0,"P"," ","6",0,"P"," ","6",0,"P"," ","6",71," "," ","6",0,"P"," ","6",0,"P"," ","6",0,"P"," ","6",0,"P"," ","6",38," "," ","6",0,"P"," ","6",0,"P"," ","6",0,"P"," ","6",0,"P"," ","6",NA," "," "," "
"496","USC00397227",1919,5,"PRCP",0,"P"," ","6",18," "," ","6",5," "," ","6",0,"T"," ","6",10," "," ","6",36," "," ","6",8," "," ","6",0,"T"," ","6",0,"P"," ","6",43," "," ","6",0,"T"," ","6",0,"P"," ","6",0,"P"," ","6",0,"P"," ","6",0,"P"," ","6",3," "," ","6",0,"P"," ","6",0,"T"," ","6",0,"P"," ","6",0,"P"," ","6",0,"P"," ","6",0,"P"," ","6",0,"P"," ","6",0,"P"," ","6",0,"T"," ","6",5," "," ","6",0,"P"," ","6",0,"P"," ","6",0,"T"," ","6",76," "," ","6",0,"T"," ","6"
"498","USC00397227",1919,6,"PRCP",0,"P"," ","6",0,"P"," ","6",0,"P"," ","6",0,"P"," ","6",0,"P"," ","6",0,"P"," ","6",0,"P"," ","6",81," "," ","6",0,"P"," ","6",0,"P"," ","6",99," "," ","6",5," "," ","6",0,"P"," ","6",0,"P"," ","6",0,"P"," ","6",0,"P"," ","6",0,"P"," ","6",25," "," ","6",3," "," ","6",15," "," ","6",0,"P"," ","6",18," "," ","6",0,"P"," ","6",94," "," ","6",0,"P"," ","6",97," "," ","6",0,"P"," ","6",38," "," ","6",0,"P"," ","6",0,"P"," ","6",NA," "," "," "
"499","USC00397227",1919,7,"PRCP",0,"T"," ","6",0,"P"," ","6",328," "," ","6",0,"P"," ","6",0,"P"," ","6",0,"P"," ","6",0,"P"," ","6",0,"P"," ","6",0,"P"," ","6",23," "," ","6",0,"P"," ","6",15," "," ","6",53," "," ","6",0,"P"," ","6",0,"P"," ","6",0,"P"," ","6",0,"P"," ","6",0,"T"," ","6",0,"T"," ","6",5," "," ","6",0,"P"," ","6",0,"P"," ","6",0,"P"," ","6",0,"P"," ","6",0,"P"," ","6",0,"P"," ","6",0,"T"," ","6",0,"P"," ","6",99," "," ","6",315," "," ","6",51," "," ","6"
"500","USC00397227",1919,8,"PRCP",0,"P"," ","6",0,"P"," ","6",25," "," ","6",0,"P"," ","6",0,"P"," ","6",0,"P"," ","6",0,"P"," ","6",0,"P"," ","6",0,"P"," ","6",0,"P"," ","6",0,"P"," ","6",3," "," ","6",0,"P"," ","6",0,"P"," ","6",0,"P"," ","6",0,"P"," ","6",0,"P"," ","6",0,"P"," ","6",0,"P"," ","6",0,"P"," ","6",0,"P"," ","6",0,"P"," ","6",0,"P"," ","6",0,"P"," ","6",0,"P"," ","6",0,"P"," ","6",0,"T"," ","6",5," "," ","6",0,"P"," ","6",0,"P"," ","6",0,"P"," ","6"
"501","USC00397227",1919,9,"PRCP",0,"P"," ","6",343," "," ","6",114," "," ","6",5," "," ","6",0,"P"," ","6",0,"P"," ","6",0,"P"," ","6",8," "," ","6",5," "," ","6",84," "," ","6",0,"P"," ","6",0,"T"," ","6",0,"P"," ","6",0,"P"," ","6",0,"P"," ","6",0,"P"," ","6",0,"P"," ","6",0,"T"," ","6",0,"T"," ","6",0,"T"," ","6",0,"T"," ","6",0,"P"," ","6",0,"P"," ","6",0,"P"," ","6",0,"P"," ","6",0,"P"," ","6",5," "," ","6",25," "," ","6",0,"P"," ","6",13," "," ","6",NA," "," "," "
"503","USC00397227",1919,10,"PRCP",0,"P"," ","6",0,"P"," ","6",226," "," ","6",127," "," ","6",51," "," ","6",0,"P"," ","6",0,"P"," ","6",0,"P"," ","6",13," "," ","6",0,"P"," ","6",0,"P"," ","6",0,"P"," ","6",0,"P"," ","6",76," "," ","6",0,"T"," ","6",0,"P"," ","6",0,"P"," ","6",0,"P"," ","6",178," "," ","6",0,"T"," ","6",0,"P"," ","6",0,"P"," ","6",13," "," ","6",30," "," ","6",89," "," ","6",0,"P"," ","6",15," "," ","6",0,"P"," ","6",0,"P"," ","6",0,"T"," ","6",0,"P"," ","6"
"506","USC00397227",1919,11,"PRCP",0,"P"," ","6",10," "," ","6",3," "," ","6",0,"P"," ","6",46," "," ","6",0,"P"," ","6",0,"P"," ","6",56," "," ","6",3," "," ","6",0,"T"," ","6",15," "," ","6",0,"P"," ","6",0,"P"," ","6",0,"P"," ","6",0,"P"," ","6",0,"P"," ","6",0,"P"," ","6",0,"P"," ","6",0,"P"," ","6",0,"P"," ","6",0,"P"," ","6",0,"P"," ","6",0,"P"," ","6",0,"P"," ","6",20," "," ","6",51," "," ","6",3," "," ","6",0,"P"," ","6",0,"T"," ","6",33," "," ","6",NA," "," "," "
"509","USC00397227",1919,12,"PRCP",33," "," ","6",3," "," ","6",0,"P"," ","6",0,"P"," ","6",3," "," ","6",3," "," ","6",28," "," ","6",15," "," ","6",0,"T"," ","6",0,"P"," ","6",0,"P"," ","6",13," "," ","6",0,"P"," ","6",0,"T"," ","6",0,"P"," ","6",0,"P"," ","6",0,"P"," ","6",0,"P"," ","6",0,"P"," ","6",0,"P"," ","6",0,"P"," ","6",0,"P"," ","6",0,"P"," ","6",0,"P"," ","6",0,"P"," ","6",0,"P"," ","6",58," "," ","6",0,"P"," ","6",0,"P"," ","6",0,"P"," ","6",20," "," ","6"
"512","USC00397227",1920,1,"PRCP",25," "," ","6",13," "," ","6",0,"P"," ","6",0,"P"," ","6",0,"P"," ","6",3," "," ","6",3," "," ","6",3," "," ","6",3," "," ","6",13," "," ","6",3," "," ","6",0,"P"," ","6",0,"P"," ","6",0,"P"," ","6",0,"P"," ","6",43," "," ","6",25," "," ","6",0,"P"," ","6",0,"P"," ","6",8," "," ","6",0,"P"," ","6",3," "," ","6",28," "," ","6",8," "," ","6",0,"P"," ","6",0,"P"," ","6",0,"P"," ","6",0,"P"," ","6",0,"P"," ","6",0,"P"," ","6",0,"P"," ","6"
"515","USC00397227",1920,2,"PRCP",0,"P"," ","6",0,"P"," ","6",0,"P"," ","6",0,"P"," ","6",0,"P"," ","6",5," "," ","6",0,"P"," ","6",0,"T"," ","6",0,"P"," ","6",0,"P"," ","6",0,"P"," ","6",51," "," ","6",56," "," ","6",51," "," ","6",0,"P"," ","6",0,"P"," ","6",8," "," ","6",8," "," ","6",0,"P"," ","6",76," "," ","6",0,"P"," ","6",0,"T"," ","6",0,"P"," ","6",3," "," ","6",8," "," ","6",0,"P"," ","6",0,"T"," ","6",3," "," ","6",0,"P"," ","6",NA," "," "," ",NA," "," "," "
"518","USC00397227",1920,3,"PRCP",0,"P"," ","6",33," "," ","6",69," "," ","6",5," "," ","6",18," "," ","6",0,"P"," ","6",0,"P"," ","6",0,"P"," ","6",0,"P"," ","6",0,"P"," ","6",0,"P"," ","6",0,"T"," ","6",18," "," ","6",20," "," ","6",56," "," ","6",13," "," ","6",0,"T"," ","6",61," "," ","6",5," "," ","6",0,"P"," ","6",0,"P"," ","6",0,"P"," ","6",0,"P"," ","6",0,"P"," ","6",0,"P"," ","6",3," "," ","6",38," "," ","6",13," "," ","6",13," "," ","6",0,"P"," ","6",0,"P"," ","6"
"521","USC00397227",1920,4,"PRCP",13," "," ","6",13," "," ","6",51," "," ","6",10," "," ","6",10," "," ","6",3," "," ","6",0,"P"," ","6",0,"P"," ","6",0,"P"," ","6",0,"P"," ","6",0,"P"," ","6",0,"P"," ","6",0,"P"," ","6",0,"T"," ","6",0,"T"," ","6",51," "," ","6",257," "," ","6",267," "," ","6",38," "," ","6",20," "," ","6",13," "," ","6",15," "," ","6",28," "," ","6",10," "," ","6",10," "," ","6",0,"T"," ","6",15," "," ","6",20," "," ","6",25," "," ","6",0,"P"," ","6",NA," "," "," "
"524","USC00397227",1920,5,"PRCP",13," "," ","6",13," "," ","6",102," "," ","6",0,"P"," ","6",102," "," ","6",76," "," ","6",13," "," ","6",0,"T"," ","6",15," "," ","6",81," "," ","6",356," "," ","6",152," "," ","6",13," "," ","6",0,"T"," ","6",0,"T"," ","6",3," "," ","6",0,"P"," ","6",0,"P"," ","6",0,"P"," ","6",0,"P"," ","6",0,"P"," ","6",46," "," ","6",8," "," ","6",0,"T"," ","6",0,"T"," ","6",0,"P"," ","6",0,"P"," ","6",0,"P"," ","6",0,"P"," ","6",152," "," ","6",94," "," ","6"
"527","USC00397227",1920,6,"PRCP",8," "," ","6",5," "," ","6",5," "," ","6",0,"T"," ","6",25," "," ","6",0,"P"," ","6",0,"P"," ","6",0,"P"," ","6",0,"P"," ","6",5," "," ","6",0,"P"," ","6",0,"P"," ","6",0,"P"," ","6",0,"P"," ","6",10," "," ","6",155," "," ","6",8," "," ","6",130," "," ","6",69," "," ","6",25," "," ","6",0,"P"," ","6",0,"P"," ","6",3," "," ","6",0,"T"," ","6",312," "," ","6",236," "," ","6",15," "," ","6",8," "," ","6",23," "," ","6",114," "," ","6",NA," "," "," "
"529","USC00397227",1920,7,"PRCP",0,"T"," ","6",0,"P"," ","6",0,"P"," ","6",3," "," ","6",160," "," ","6",84," "," ","6",15," "," ","6",0,"P"," ","6",0,"P"," ","6",0,"P"," ","6",221," "," ","6",0,"P"," ","6",0,"P"," ","6",0,"P"," ","6",51," "," ","6",0,"P"," ","6",0,"P"," ","6",0,"P"," ","6",56," "," ","6",13," "," ","6",0,"P"," ","6",28," "," ","6",0,"P"," ","6",41," "," ","6",0,"P"," ","6",0,"P"," ","6",0,"P"," ","6",0,"P"," ","6",145," "," ","6",0,"P"," ","6",0,"P"," ","6"
"530","USC00397227",1920,8,"PRCP",76," "," ","6",0,"P"," ","6",0,"P"," ","6",20," "," ","6",23," "," ","6",23," "," ","6",0,"P"," ","6",33," "," ","6",0,"P"," ","6",48," "," ","6",51," "," ","6",0,"P"," ","6",0,"P"," ","6",0,"P"," ","6",0,"P"," ","6",0,"P"," ","6",0,"P"," ","6",8," "," ","6",15," "," ","6",0,"P"," ","6",0,"P"," ","6",0,"P"," ","6",0,"P"," ","6",0,"P"," ","6",0,"P"," ","6",0,"P"," ","6",0,"T"," ","6",99," "," ","6",0,"P"," ","6",0,"P"," ","6",0,"P"," ","6"
"531","USC00397227",1920,9,"PRCP",48," "," ","6",38," "," ","6",0,"P"," ","6",0,"P"," ","6",0,"P"," ","6",0,"P"," ","6",43," "," ","6",145," "," ","6",0,"P"," ","6",0,"P"," ","6",0,"P"," ","6",0,"P"," ","6",0,"P"," ","6",0,"T"," ","6",0,"P"," ","6",0,"P"," ","6",0,"P"," ","6",0,"P"," ","6",0,"P"," ","6",0,"P"," ","6",0,"P"," ","6",38," "," ","6",66," "," ","6",0,"P"," ","6",25," "," ","6",0,"P"," ","6",0,"P"," ","6",0,"P"," ","6",0,"P"," ","6",0,"P"," ","6",NA," "," "," "
"533","USC00397227",1920,10,"PRCP",0,"P"," ","6",0,"P"," ","6",0,"P"," ","6",0,"P"," ","6",0,"P"," ","6",0,"P"," ","6",0,"P"," ","6",0,"P"," ","6",0,"P"," ","6",0,"P"," ","6",25," "," ","6",38," "," ","6",8," "," ","6",0,"P"," ","6",0,"P"," ","6",20," "," ","6",0,"P"," ","6",0,"P"," ","6",0,"P"," ","6",0,"P"," ","6",38," "," ","6",20," "," ","6",13," "," ","6",0,"P"," ","6",38," "," ","6",38," "," ","6",8," "," ","6",0,"P"," ","6",0,"P"," ","6",5," "," ","6",142," "," ","6"
"536","USC00397227",1920,11,"PRCP",18," "," ","6",0,"P"," ","6",0,"P"," ","6",0,"P"," ","6",0,"P"," ","6",28," "," ","6",0,"P"," ","6",0,"P"," ","6",15," "," ","6",0,"T"," ","6",5," "," ","6",0,"P"," ","6",0,"P"," ","6",0,"P"," ","6",0,"P"," ","6",0,"P"," ","6",0,"P"," ","6",0,"P"," ","6",0,"P"," ","6",30," "," ","6",3," "," ","6",0,"P"," ","6",0,"P"," ","6",0,"P"," ","6",0,"P"," ","6",0,"P"," ","6",8," "," ","6",0,"P"," ","6",0,"P"," ","6",0,"P"," ","6",NA," "," "," "
"539","USC00397227",1920,12,"PRCP",0,"P"," ","6",0,"P"," ","6",0,"P"," ","6",0,"P"," ","6",0,"T"," ","6",3," "," ","6",0,"P"," ","6",0,"P"," ","6",0,"P"," ","6",0,"P"," ","6",0,"P"," ","6",0,"T"," ","6",0,"T"," ","6",28," "," ","6",0,"P"," ","6",3," "," ","6",0,"P"," ","6",8," "," ","6",0,"P"," ","6",10," "," ","6",30," "," ","6",0,"P"," ","6",0,"T"," ","6",0,"P"," ","6",0,"P"," ","6",5," "," ","6",0,"P"," ","6",0,"P"," ","6",0,"P"," ","6",0,"P"," ","6",3," "," ","6"
"542","USC00397227",1921,1,"PRCP",28," "," ","6",13," "," ","6",20," "," ","6",0,"T"," ","6",0,"P"," ","6",8," "," ","6",0,"P"," ","6",0,"P"," ","6",0,"P"," ","6",0,"P"," ","6",10," "," ","6",0,"P"," ","6",10," "," ","6",0,"T"," ","6",0,"P"," ","6",5," "," ","6",0,"P"," ","6",0,"P"," ","6",0,"P"," ","6",0,"P"," ","6",0,"P"," ","6",0,"P"," ","6",0,"P"," ","6",140," "," ","6",0,"P"," ","6",0,"P"," ","6",0,"P"," ","6",0,"P"," ","6",23," "," ","6",0,"P"," ","6",8," "," ","6"
"545","USC00397227",1921,2,"PRCP",3," "," ","6",0,"P"," ","6",3," "," ","6",0,"T"," ","6",23," "," ","6",64," "," ","6",0,"P"," ","6",0,"T"," ","6",5," "," ","6",0,"P"," ","6",0,"P"," ","6",0,"P"," ","6",0,"P"," ","6",0,"P"," ","6",0,"P"," ","6",5," "," ","6",0,"P"," ","6",0,"P"," ","6",0,"P"," ","6",0,"P"," ","6",0,"P"," ","6",8," "," ","6",0,"T"," ","6",0,"T"," ","6",0,"P"," ","6",0,"P"," ","6",0,"P"," ","6",0,"P"," ","6",NA," "," "," ",NA," "," "," ",NA," "," "," "
"548","USC00397227",1921,3,"PRCP",0,"T"," ","6",0,"T"," ","6",0,"P"," ","6",0,"T"," ","6",0,"P"," ","6",0,"P"," ","6",8," "," ","6",3," "," ","6",0,"P"," ","6",0,"P"," ","6",0,"P"," ","6",0,"P"," ","6",0,"P"," ","6",0,"T"," ","6",0,"T"," ","6",0,"T"," ","6",0,"P"," ","6",0,"P"," ","6",8," "," ","6",0,"T"," ","6",0,"P"," ","6",0,"P"," ","6",18," "," ","6",8," "," ","6",0,"P"," ","6",25," "," ","6",30," "," ","6",0,"P"," ","6",0,"T"," ","6",3," "," ","6",0,"P"," ","6"
"551","USC00397227",1921,4,"PRCP",NA," "," "," ",NA," "," "," ",NA," "," "," ",NA," "," "," ",20," "," ","6",10," "," ","6",0,"T"," ","6",8," "," ","6",8," "," ","6",NA," "," "," ",NA," "," "," ",NA," "," "," ",NA," "," "," ",0,"T"," ","6",28," "," ","6",NA," "," "," ",NA," "," "," ",NA," "," "," ",NA," "," "," ",15," "," ","6",0,"T"," ","6",0,"T"," ","6",23," "," ","6",94," "," ","6",30," "," ","6",86," "," ","6",38," "," ","6",10," "," ","6",3," "," ","6",NA," "," "," ",NA," "," "," "
"554","USC00397227",1921,5,"PRCP",0,"P"," ","6",0,"P"," ","6",0,"P"," ","6",0,"P"," ","6",0,"P"," ","6",3," "," ","6",43," "," ","6",51," "," ","6",15," "," ","6",0,"P"," ","6",58," "," ","6",20," "," ","6",3," "," ","6",3," "," ","6",0,"P"," ","6",0,"P"," ","6",0,"P"," ","6",30," "," ","6",20," "," ","6",0,"P"," ","6",0,"P"," ","6",0,"P"," ","6",0,"P"," ","6",74," "," ","6",142," "," ","6",0,"P"," ","6",0,"P"," ","6",15," "," ","6",8," "," ","6",3," "," ","6",51," "," ","6"
"556","USC00397227",1921,6,"PRCP",0,"P"," ","6",8," "," ","6",168," "," ","6",0,"P"," ","6",0,"P"," ","6",13," "," ","6",61," "," ","6",0,"T"," ","6",18," "," ","6",5," "," ","6",0,"P"," ","6",0,"P"," ","6",114," "," ","6",0,"P"," ","6",257," "," ","6",33," "," ","6",0,"P"," ","6",8," "," ","6",165," "," ","6",0,"P"," ","6",0,"P"," ","6",0,"P"," ","6",0,"P"," ","6",0,"P"," ","6",41," "," ","6",23," "," ","6",13," "," ","6",23," "," ","6",0,"P"," ","6",0,"P"," ","6",NA," "," "," "
"557","USC00397227",1921,7,"PRCP",0,"T"," ","6",13," "," ","6",0,"P"," ","6",0,"P"," ","6",18," "," ","6",0,"P"," ","6",3," "," ","6",0,"P"," ","6",0,"P"," ","6",0,"P"," ","6",0,"P"," ","6",0,"T"," ","6",69," "," ","6",3," "," ","6",0,"P"," ","6",0,"P"," ","6",0,"T"," ","6",10," "," ","6",3," "," ","6",0,"P"," ","6",3," "," ","6",64," "," ","6",10," "," ","6",0,"P"," ","6",147," "," ","6",51," "," ","6",163," "," ","6",36," "," ","6",112," "," ","6",3," "," ","6",5," "," ","6"
"558","USC00397227",1921,8,"PRCP",3," "," ","6",0,"P"," ","6",15," "," ","6",3," "," ","6",0,"T"," ","6",20," "," ","6",0,"P"," ","6",0,"P"," ","6",0,"P"," ","6",3," "," ","6",25," "," ","6",61," "," ","6",13," "," ","6",3," "," ","6",0,"P"," ","6",173," "," ","6",0,"P"," ","6",0,"P"," ","6",3," "," ","6",0,"P"," ","6",0,"P"," ","6",0,"P"," ","6",0,"P"," ","6",0,"T"," ","6",0,"P"," ","6",51," "," ","6",0,"P"," ","6",0,"T"," ","6",0,"T"," ","6",231," "," ","6",0,"P"," ","6"
"559","USC00397227",1921,9,"PRCP",0,"P"," ","6",0,"P"," ","6",23," "," ","6",3," "," ","6",0,"P"," ","6",0,"P"," ","6",0,"P"," ","6",0,"P"," ","6",0,"P"," ","6",0,"P"," ","6",10," "," ","6",0,"P"," ","6",13," "," ","6",5," "," ","6",13," "," ","6",3," "," ","6",0,"P"," ","6",0,"P"," ","6",23," "," ","6",3," "," ","6",0,"P"," ","6",0,"P"," ","6",0,"P"," ","6",0,"P"," ","6",0,"P"," ","6",0,"P"," ","6",0,"P"," ","6",0,"T"," ","6",0,"P"," ","6",0,"P"," ","6",NA," "," "," "
"561","USC00397227",1921,10,"PRCP",NA," "," "," ",NA," "," "," ",NA," "," "," ",NA," "," "," ",NA," "," "," ",NA," "," "," ",NA," "," "," ",NA," "," "," ",NA," "," "," ",NA," "," "," ",NA," "," "," ",NA," "," "," ",NA," "," "," ",NA," "," "," ",NA," "," "," ",NA," "," "," ",NA," "," "," ",NA," "," "," ",3," "," ","6",NA," "," "," ",NA," "," "," ",NA," "," "," ",NA," "," "," ",NA," "," "," ",0,"T"," ","6",NA," "," "," ",NA," "," "," ",15," "," ","6",NA," "," "," ",NA," "," "," ",NA," "," "," "
"563","USC00397227",1921,11,"PRCP",0,"P"," ","6",0,"P"," ","6",0,"P"," ","6",0,"P"," ","6",0,"P"," ","6",0,"P"," ","6",0,"P"," ","6",43," "," ","6",0,"P"," ","6",10," "," ","6",0,"T"," ","6",0,"T"," ","6",0,"T"," ","6",0,"T"," ","6",0,"P"," ","6",23," "," ","6",28," "," ","6",13," "," ","6",20," "," ","6",38," "," ","6",13," "," ","6",0,"P"," ","6",28," "," ","6",0,"P"," ","6",0,"P"," ","6",10," "," ","6",0,"P"," ","6",0,"P"," ","6",0,"P"," ","6",0,"P"," ","6",NA," "," "," "
"566","USC00397227",1921,12,"PRCP",0,"P"," ","6",0,"P"," ","6",0,"P"," ","6",0,"P"," ","6",0,"P"," ","6",0,"P"," ","6",0,"P"," ","6",0,"P"," ","6",0,"P"," ","6",0,"P"," ","6",0,"P"," ","6",0,"P"," ","6",0,"P"," ","6",0,"P"," ","6",NA," "," "," ",28," "," ","6",0,"P"," ","6",8," "," ","6",64," "," ","6",8," "," ","6",28," "," ","6",0,"P"," ","6",20," "," ","6",3," "," ","6",0,"P"," ","6",0,"P"," ","6",0,"P"," ","6",0,"P"," ","6",0,"P"," ","6",28," "," ","6",0,"P"," ","6"
"569","USC00397227",1922,1,"PRCP",0,"P"," ","6",53," "," ","6",112," "," ","6",20," "," ","6",0,"P"," ","6",0,"P"," ","6",0,"P"," ","6",0,"P"," ","6",0,"P"," ","6",10," "," ","6",10," "," ","6",23," "," ","6",56," "," ","6",0,"P"," ","6",0,"T"," ","6",0,"P"," ","6",15," "," ","6",36," "," ","6",0,"P"," ","6",0,"P"," ","6",0,"T"," ","6",0,"T"," ","6",0,"T"," ","6",0,"P"," ","6",0,"P"," ","6",0,"P"," ","6",0,"P"," ","6",0,"P"," ","6",0,"P"," ","6",0,"P"," ","6",0,"P"," ","6"
"572","USC00397227",1922,2,"PRCP",0,"P"," ","6",3," "," ","6",5," "," ","6",3," "," ","6",3," "," ","6",5," "," ","6",0,"P"," ","6",0,"P"," ","6",0,"P"," ","6",0,"P"," ","6",3," "," ","6",5," "," ","6",0,"P"," ","6",0,"P"," ","6",0,"P"," ","6",0,"P"," ","6",0,"T"," ","6",8," "," ","6",38," "," ","6",0,"P"," ","6",13," "," ","6",41," "," ","6",3," "," ","6",0,"P"," ","6",0,"P"," ","6",0,"P"," ","6",0,"P"," ","6",0,"P"," ","6",NA," "," "," ",NA," "," "," ",NA," "," "," "
"575","USC00397227",1922,3,"PRCP",0,"P"," ","6",0,"P"," ","6",0,"P"," ","6",0,"P"," ","6",0,"T"," ","6",3," "," ","6",0,"T"," ","6",3," "," ","6",0,"P"," ","6",0,"P"," ","6",0,"P"," ","6",3," "," ","6",0,"P"," ","6",0,"P"," ","6",0,"P"," ","6",0,"P"," ","6",0,"P"," ","6",0,"P"," ","6",0,"P"," ","6",18," "," ","6",0,"P"," ","6",0,"P"," ","6",0,"T"," ","6",41," "," ","6",0,"P"," ","6",0,"P"," ","6",30," "," ","6",3," "," ","6",0,"P"," ","6",0,"P"," ","6",0,"P"," ","6"
"578","USC00397227",1922,4,"PRCP",5," "," ","6",51," "," ","6",0,"P"," ","6",0,"P"," ","6",53," "," ","6",206," "," ","6",3," "," ","6",0,"P"," ","6",28," "," ","6",61," "," ","6",0,"P"," ","6",124," "," ","6",18," "," ","6",0,"P"," ","6",0,"P"," ","6",3," "," ","6",8," "," ","6",8," "," ","6",23," "," ","6",0,"P"," ","6",0,"P"," ","6",0,"P"," ","6",3," "," ","6",13," "," ","6",13," "," ","6",84," "," ","6",43," "," ","6",0,"P"," ","6",0,"P"," ","6",0,"P"," ","6",NA," "," "," "
"581","USC00397227",1922,5,"PRCP",0,"P"," ","6",0,"P"," ","6",5," "," ","6",0,"P"," ","6",0,"P"," ","6",0,"P"," ","6",0,"P"," ","6",10," "," ","6",155," "," ","6",13," "," ","6",409," "," ","6",33," "," ","6",33," "," ","6",13," "," ","6",51," "," ","6",13," "," ","6",5," "," ","6",0,"P"," ","6",0,"P"," ","6",10," "," ","6",58," "," ","6",43," "," ","6",0,"P"," ","6",0,"P"," ","6",0,"P"," ","6",0,"P"," ","6",91," "," ","6",10," "," ","6",178," "," ","6",38," "," ","6",38," "," ","6"
"584","USC00397227",1922,6,"PRCP",0,"P"," ","6",0,"P"," ","6",0,"P"," ","6",0,"P"," ","6",0,"P"," ","6",0,"P"," ","6",0,"T"," ","6",119," "," ","6",41," "," ","6",18," "," ","6",0,"P"," ","6",0,"P"," ","6",0,"P"," ","6",178," "," ","6",109," "," ","6",30," "," ","6",0,"P"," ","6",0,"P"," ","6",0,"P"," ","6",0,"P"," ","6",0,"P"," ","6",0,"P"," ","6",0,"P"," ","6",0,"P"," ","6",127," "," ","6",0,"P"," ","6",0,"P"," ","6",0,"P"," ","6",0,"P"," ","6",145," "," ","6",NA," "," "," "
"585","USC00397227",1922,7,"PRCP",157," "," ","6",23," "," ","6",0,"P"," ","6",0,"P"," ","6",10," "," ","6",221," "," ","6",0,"P"," ","6",18," "," ","6",13," "," ","6",20," "," ","6",206," "," ","6",0,"P"," ","6",0,"P"," ","6",0,"P"," ","6",0,"P"," ","6",104," "," ","6",0,"P"," ","6",0,"P"," ","6",0,"P"," ","6",0,"P"," ","6",15," "," ","6",41," "," ","6",28," "," ","6",157," "," ","6",91," "," ","6",0,"P"," ","6",102," "," ","6",165," "," ","6",0,"P"," ","6",0,"P"," ","6",28," "," ","6"
"586","USC00397227",1922,8,"PRCP",333," "," ","6",30," "," ","6",216," "," ","6",132," "," ","6",132," "," ","6",0,"P"," ","6",0,"P"," ","6",91," "," ","6",0,"P"," ","6",91," "," ","6",3," "," ","6",0,"P"," ","6",0,"P"," ","6",3," "," ","6",0,"P"," ","6",0,"P"," ","6",0,"P"," ","6",0,"P"," ","6",0,"P"," ","6",3," "," ","6",0,"P"," ","6",0,"P"," ","6",0,"P"," ","6",0,"P"," ","6",0,"P"," ","6",0,"P"," ","6",0,"P"," ","6",0,"P"," ","6",0,"P"," ","6",25," "," ","6",0,"P"," ","6"
"587","USC00397227",1922,9,"PRCP",0,"P"," ","6",0,"P"," ","6",5," "," ","6",0,"P"," ","6",0,"P"," ","6",13," "," ","6",0,"P"," ","6",0,"P"," ","6",0,"P"," ","6",0,"P"," ","6",0,"P"," ","6",0,"P"," ","6",0,"P"," ","6",0,"P"," ","6",8," "," ","6",0,"P"," ","6",0,"P"," ","6",0,"P"," ","6",0,"P"," ","6",0,"P"," ","6",0,"P"," ","6",0,"P"," ","6",0,"P"," ","6",0,"P"," ","6",0,"P"," ","6",0,"P"," ","6",0,"P"," ","6",0,"P"," ","6",0,"P"," ","6",0,"P"," ","6",NA," "," "," "
"588","USC00397227",1922,10,"PRCP",0,"P"," ","6",0,"P"," ","6",0,"P"," ","6",0,"P"," ","6",23," "," ","6",0,"P"," ","6",0,"P"," ","6",0,"P"," ","6",0,"P"," ","6",0,"P"," ","6",0,"P"," ","6",0,"P"," ","6",0,"P"," ","6",0,"P"," ","6",0,"T"," ","6",33," "," ","6",0,"P"," ","6",0,"P"," ","6",0,"P"," ","6",0,"P"," ","6",0,"T"," ","6",56," "," ","6",0,"P"," ","6",0,"P"," ","6",0,"P"," ","6",0,"P"," ","6",0,"P"," ","6",0,"P"," ","6",18," "," ","6",104," "," ","6",0,"P"," ","6"
"591","USC00397227",1922,11,"PRCP",18," "," ","6",20," "," ","6",13," "," ","6",127," "," ","6",861," "," ","6",0,"P"," ","6",0,"P"," ","6",0,"P"," ","6",0,"P"," ","6",0,"P"," ","6",20," "," ","6",20," "," ","6",69," "," ","6",10," "," ","6",0,"P"," ","6",0,"P"," ","6",3," "," ","6",36," "," ","6",0,"P"," ","6",0,"P"," ","6",0,"P"," ","6",0,"P"," ","6",0,"P"," ","6",0,"P"," ","6",0,"P"," ","6",0,"P"," ","6",0,"P"," ","6",0,"P"," ","6",0,"P"," ","6",28," "," ","6",NA," "," "," "
"594","USC00397227",1922,12,"PRCP",NA," "," "," ",NA," "," "," ",3," "," ","6",3," "," ","6",NA," "," "," ",NA," "," "," ",3," "," ","6",NA," "," "," ",NA," "," "," ",NA," "," "," ",NA," "," "," ",NA," "," "," ",38," "," ","6",13," "," ","6",NA," "," "," ",3," "," ","6",NA," "," "," ",NA," "," "," ",0,"T"," ","6",3," "," ","6",NA," "," "," ",NA," "," "," ",NA," "," "," ",NA," "," "," ",NA," "," "," ",NA," "," "," ",NA," "," "," ",NA," "," "," ",NA," "," "," ",64," "," ","6",0,"T"," ","6"
"597","USC00397227",1923,1,"PRCP",0,"T"," ","6",0,"T"," ","6",0,"T"," ","6",3," "," ","6",97," "," ","6",3," "," ","6",8," "," ","6",56," "," ","6",3," "," ","6",0,"P"," ","6",3," "," ","6",0,"P"," ","6",3," "," ","6",3," "," ","6",0,"P"," ","6",0,"P"," ","6",0,"P"," ","6",3," "," ","6",0,"T"," ","6",5," "," ","6",0,"P"," ","6",0,"P"," ","6",0,"P"," ","6",0,"T"," ","6",0,"T"," ","6",0,"T"," ","6",0,"T"," ","6",0,"P"," ","6",0,"P"," ","6",0,"P"," ","6",28," "," ","6"
"600","USC00397227",1923,2,"PRCP",13," "," ","6",3," "," ","6",0,"P"," ","6",5," "," ","6",18," "," ","6",3," "," ","6",0,"P"," ","6",0,"P"," ","6",0,"P"," ","6",3," "," ","6",0,"P"," ","6",0,"P"," ","6",0,"P"," ","6",0,"P"," ","6",0,"P"," ","6",0,"P"," ","6",0,"P"," ","6",0,"P"," ","6",0,"P"," ","6",0,"P"," ","6",0,"P"," ","6",0,"P"," ","6",0,"P"," ","6",0,"P"," ","6",15," "," ","6",33," "," ","6",30," "," ","6",28," "," ","6",NA," "," "," ",NA," "," "," ",NA," "," "," "
"603","USC00397227",1923,3,"PRCP",0,"P"," ","6",20," "," ","6",99," "," ","6",10," "," ","6",3," "," ","6",3," "," ","6",3," "," ","6",0,"P"," ","6",0,"P"," ","6",0,"P"," ","6",28," "," ","6",23," "," ","6",0,"P"," ","6",23," "," ","6",0,"P"," ","6",0,"P"," ","6",15," "," ","6",0,"P"," ","6",0,"P"," ","6",0,"P"," ","6",0,"T"," ","6",0,"P"," ","6",5," "," ","6",0,"T"," ","6",33," "," ","6",0,"P"," ","6",0,"P"," ","6",0,"P"," ","6",0,"P"," ","6",0,"T"," ","6",0,"P"," ","6"
"606","USC00397227",1923,4,"PRCP",10," "," ","6",107," "," ","6",NA," "," "," ",0,"P"," ","6",0,"P"," ","6",48," "," ","6",8," "," ","6",0,"P"," ","6",13," "," ","6",0,"P"," ","6",0,"P"," ","6",0,"P"," ","6",0,"P"," ","6",13," "," ","6",0,"T"," ","6",0,"P"," ","6",0,"P"," ","6",0,"P"," ","6",13," "," ","6",0,"P"," ","6",0,"T"," ","6",91," "," ","6",69," "," ","6",13," "," ","6",0,"P"," ","6",0,"P"," ","6",3," "," ","6",3," "," ","6",3," "," ","6",0,"P"," ","6",NA," "," "," "
"609","USC00397227",1923,5,"PRCP",0,"P"," ","6",5," "," ","6",234," "," ","6",0,"P"," ","6",0,"P"," ","6",5," "," ","6",0,"P"," ","6",0,"P"," ","6",0,"P"," ","6",0,"P"," ","6",30," "," ","6",0,"P"," ","6",10," "," ","6",8," "," ","6",23," "," ","6",0,"P"," ","6",0,"P"," ","6",74," "," ","6",15," "," ","6",28," "," ","6",30," "," ","6",130," "," ","6",15," "," ","6",132," "," ","6",0,"P"," ","6",0,"P"," ","6",0,"P"," ","6",81," "," ","6",30," "," ","6",51," "," ","6",3," "," ","6"
"611","USC00397227",1923,6,"PRCP",0,"P"," ","6",64," "," ","6",15," "," ","6",185," "," ","6",348," "," ","6",51," "," ","6",0,"P"," ","6",0,"P"," ","6",5," "," ","6",13," "," ","6",0,"P"," ","6",0,"P"," ","6",0,"P"," ","6",3," "," ","6",0,"P"," ","6",0,"P"," ","6",0,"P"," ","6",0,"P"," ","6",0,"P"," ","6",33," "," ","6",15," "," ","6",0,"P"," ","6",0,"P"," ","6",0,"P"," ","6",0,"P"," ","6",33," "," ","6",43," "," ","6",18," "," ","6",25," "," ","6",33," "," ","6",NA," "," "," "
"612","USC00397227",1923,7,"PRCP",79," "," ","6",0,"P"," ","6",0,"P"," ","6",13," "," ","6",0,"P"," ","6",0,"P"," ","6",0,"P"," ","6",0,"P"," ","6",157," "," ","6",18," "," ","6",8," "," ","6",76," "," ","6",0,"P"," ","6",114," "," ","6",0,"P"," ","6",0,"P"," ","6",0,"P"," ","6",0,"T"," ","6",13," "," ","6",0,"P"," ","6",0,"P"," ","6",0,"P"," ","6",3," "," ","6",13," "," ","6",76," "," ","6",168," "," ","6",0,"P"," ","6",99," "," ","6",15," "," ","6",0,"P"," ","6",0,"P"," ","6"
"613","USC00397227",1923,8,"PRCP",81," "," ","6",0,"T"," ","6",58," "," ","6",51," "," ","6",89," "," ","6",0,"P"," ","6",15," "," ","6",150," "," ","6",0,"P"," ","6",5," "," ","6",0,"P"," ","6",0,"P"," ","6",0,"P"," ","6",0,"P"," ","6",102," "," ","6",13," "," ","6",0,"P"," ","6",0,"P"," ","6",0,"P"," ","6",0,"P"," ","6",38," "," ","6",13," "," ","6",0,"P"," ","6",0,"P"," ","6",25," "," ","6",76," "," ","6",0,"P"," ","6",3," "," ","6",86," "," ","6",23," "," ","6",0,"P"," ","6"
"614","USC00397227",1923,9,"PRCP",20," "," ","6",0,"P"," ","6",0,"P"," ","6",0,"P"," ","6",5," "," ","6",0,"P"," ","6",0,"P"," ","6",0,"P"," ","6",0,"P"," ","6",0,"P"," ","6",0,"P"," ","6",0,"P"," ","6",0,"P"," ","6",0,"P"," ","6",0,"P"," ","6",84," "," ","6",89," "," ","6",0,"P"," ","6",0,"P"," ","6",0,"P"," ","6",0,"P"," ","6",0,"P"," ","6",0,"P"," ","6",5," "," ","6",0,"P"," ","6",0,"P"," ","6",5," "," ","6",406," "," ","6",178," "," ","6",5," "," ","6",NA," "," "," "
"616","USC00397227",1923,10,"PRCP",23," "," ","6",10," "," ","6",0,"P"," ","6",0,"P"," ","6",0,"P"," ","6",0,"P"," ","6",33," "," ","6",10," "," ","6",61," "," ","6",20," "," ","6",13," "," ","6",3," "," ","6",0,"P"," ","6",0,"P"," ","6",0,"P"," ","6",0,"P"," ","6",10," "," ","6",0,"P"," ","6",18," "," ","6",0,"P"," ","6",0,"P"," ","6",0,"P"," ","6",3," "," ","6",91," "," ","6",38," "," ","6",94," "," ","6",23," "," ","6",30," "," ","6",8," "," ","6",0,"P"," ","6",0,"P"," ","6"
"619","USC00397227",1923,11,"PRCP",0,"P"," ","6",0,"P"," ","6",0,"P"," ","6",0,"P"," ","6",0,"P"," ","6",0,"P"," ","6",0,"P"," ","6",0,"P"," ","6",0,"P"," ","6",0,"P"," ","6",0,"T"," ","6",10," "," ","6",0,"P"," ","6",0,"P"," ","6",0,"P"," ","6",0,"P"," ","6",0,"P"," ","6",0,"P"," ","6",0,"P"," ","6",13," "," ","6",0,"P"," ","6",0,"P"," ","6",0,"P"," ","6",0,"P"," ","6",3," "," ","6",0,"P"," ","6",5," "," ","6",0,"P"," ","6",0,"P"," ","6",0,"P"," ","6",NA," "," "," "
"622","USC00397227",1923,12,"PRCP",0,"P"," ","6",0,"P"," ","6",0,"T"," ","6",0,"P"," ","6",0,"P"," ","6",0,"P"," ","6",3," "," ","6",0,"P"," ","6",5," "," ","6",0,"P"," ","6",0,"P"," ","6",0,"P"," ","6",0,"P"," ","6",0,"P"," ","6",0,"P"," ","6",0,"P"," ","6",0,"P"," ","6",0,"P"," ","6",0,"P"," ","6",0,"T"," ","6",0,"P"," ","6",0,"P"," ","6",3," "," ","6",3," "," ","6",0,"P"," ","6",3," "," ","6",0,"P"," ","6",0,"P"," ","6",5," "," ","6",5," "," ","6",38," "," ","6"
"625","USC00397227",1924,1,"PRCP",0,"P"," ","6",0,"P"," ","6",0,"P"," ","6",0,"P"," ","6",0,"P"," ","6",0,"P"," ","6",0,"P"," ","6",0,"P"," ","6",0,"P"," ","6",8," "," ","6",99," "," ","6",3," "," ","6",3," "," ","6",0,"P"," ","6",3," "," ","6",36," "," ","6",3," "," ","6",3," "," ","6",0,"P"," ","6",0,"P"," ","6",0,"P"," ","6",0,"P"," ","6",0,"P"," ","6",5," "," ","6",5," "," ","6",0,"P"," ","6",0,"P"," ","6",0,"P"," ","6",0,"P"," ","6",0,"T"," ","6",0,"P"," ","6"
"628","USC00397227",1924,2,"PRCP",0,"P"," ","6",0,"P"," ","6",231," "," ","6",3," "," ","6",3," "," ","6",33," "," ","6",0,"P"," ","6",0,"P"," ","6",0,"P"," ","6",0,"P"," ","6",0,"P"," ","6",0,"P"," ","6",0,"P"," ","6",0,"P"," ","6",0,"P"," ","6",0,"P"," ","6",0,"P"," ","6",3," "," ","6",18," "," ","6",0,"P"," ","6",0,"P"," ","6",48," "," ","6",20," "," ","6",0,"P"," ","6",0,"P"," ","6",0,"P"," ","6",0,"P"," ","6",0,"P"," ","6",28," "," ","6",NA," "," "," ",NA," "," "," "
"631","USC00397227",1924,3,"PRCP",NA," "," "," ",NA," "," "," ",18," "," ","6",23," "," ","6",38," "," ","6",15," "," ","6",NA," "," "," ",3," "," ","6",NA," "," "," ",3," "," ","6",13," "," ","6",15," "," ","6",28," "," ","6",5," "," ","6",15," "," ","6",18," "," ","6",28," "," ","6",3," "," ","6",5," "," ","6",23," "," ","6",36," "," ","6",23," "," ","6",18," "," ","6",13," "," ","6",58," "," ","6",NA," "," "," ",NA," "," "," ",5," "," ","6",15," "," ","6",20," "," ","6",3," "," ","6"
"634","USC00397227",1924,4,"PRCP",0,"P"," ","6",0,"P"," ","6",0,"P"," ","6",0,"P"," ","6",0,"P"," ","6",0,"P"," ","6",0,"P"," ","6",28," "," ","6",3," "," ","6",13," "," ","6",3," "," ","6",0,"P"," ","6",0,"P"," ","6",0,"P"," ","6",5," "," ","6",18," "," ","6",28," "," ","6",3," "," ","6",13," "," ","6",0,"P"," ","6",0,"P"," ","6",0,"P"," ","6",0,"P"," ","6",3," "," ","6",28," "," ","6",8," "," ","6",0,"P"," ","6",0,"P"," ","6",36," "," ","6",0,"P"," ","6",NA," "," "," "
"637","USC00397227",1924,5,"PRCP",0,"P"," ","6",0,"P"," ","6",0,"P"," ","6",0,"P"," ","6",3," "," ","6",46," "," ","6",5," "," ","6",20," "," ","6",36," "," ","6",0,"P"," ","6",0,"P"," ","6",0,"P"," ","6",0,"P"," ","6",0,"P"," ","6",0,"P"," ","6",0,"T"," ","6",38," "," ","6",0,"P"," ","6",5," "," ","6",20," "," ","6",0,"P"," ","6",0,"P"," ","6",13," "," ","6",0,"P"," ","6",0,"P"," ","6",13," "," ","6",0,"P"," ","6",25," "," ","6",3," "," ","6",0,"P"," ","6",38," "," ","6"
"640","USC00397227",1924,6,"PRCP",38," "," ","6",0,"P"," ","6",0,"P"," ","6",0,"T"," ","6",38," "," ","6",0,"P"," ","6",8," "," ","6",25," "," ","6",0,"P"," ","6",0,"P"," ","6",0,"P"," ","6",0,"P"," ","6",3," "," ","6",3," "," ","6",41," "," ","6",0,"P"," ","6",102," "," ","6",3," "," ","6",0,"T"," ","6",0,"P"," ","6",0,"P"," ","6",0,"P"," ","6",3," "," ","6",25," "," ","6",0,"P"," ","6",76," "," ","6",25," "," ","6",3," "," ","6",15," "," ","6",0,"P"," ","6",NA," "," "," "
"641","USC00397227",1924,7,"PRCP",8," "," ","6",NA," "," "," ",NA," "," "," ",NA," "," "," ",NA," "," "," ",0,"T"," ","6",NA," "," "," ",38," "," ","6",NA," "," "," ",NA," "," "," ",NA," "," "," ",13," "," ","6",86," "," ","6",5," "," ","6",NA," "," "," ",NA," "," "," ",13," "," ","6",18," "," ","6",3," "," ","6",3," "," ","6",NA," "," "," ",NA," "," "," ",NA," "," "," ",41," "," ","6",NA," "," "," ",NA," "," "," ",NA," "," "," ",0,"T"," ","6",NA," "," "," ",15," "," ","6",3," "," ","6"
"642","USC00397227",1924,8,"PRCP",8," "," ","6",0,"P"," ","6",0,"T"," ","6",0,"P"," ","6",0,"T"," ","6",145," "," ","6",20," "," ","6",3," "," ","6",3," "," ","6",0,"P"," ","6",0,"P"," ","6",0,"P"," ","6",0,"P"," ","6",13," "," ","6",13," "," ","6",0,"P"," ","6",0,"P"," ","6",0,"P"," ","6",0,"P"," ","6",0,"P"," ","6",25," "," ","6",0,"P"," ","6",0,"P"," ","6",0,"P"," ","6",0,"P"," ","6",0,"P"," ","6",0,"P"," ","6",0,"P"," ","6",0,"P"," ","6",0,"P"," ","6",0,"P"," ","6"
"643","USC00397227",1924,9,"PRCP",0,"P"," ","6",0,"P"," ","6",0,"P"," ","6",0,"P"," ","6",0,"P"," ","6",18," "," ","6",3," "," ","6",0,"P"," ","6",13," "," ","6",0,"P"," ","6",3," "," ","6",20," "," ","6",0,"P"," ","6",0,"P"," ","6",0,"P"," ","6",0,"P"," ","6",0,"P"," ","6",0,"T"," ","6",0,"T"," ","6",23," "," ","6",18," "," ","6",0,"P"," ","6",0,"P"," ","6",0,"P"," ","6",0,"P"," ","6",104," "," ","6",38," "," ","6",0,"P"," ","6",0,"P"," ","6",0,"P"," ","6",NA," "," "," "
"645","USC00397227",1924,10,"PRCP",0,"P"," ","6",0,"P"," ","6",0,"P"," ","6",23," "," ","6",0,"P"," ","6",0,"P"," ","6",0,"P"," ","6",356," "," ","6",3," "," ","6",0,"P"," ","6",89," "," ","6",3," "," ","6",0,"P"," ","6",0,"P"," ","6",0,"P"," ","6",0,"P"," ","6",0,"P"," ","6",0,"P"," ","6",53," "," ","6",386," "," ","6",0,"P"," ","6",0,"P"," ","6",0,"P"," ","6",0,"P"," ","6",0,"P"," ","6",0,"P"," ","6",0,"P"," ","6",0,"P"," ","6",0,"P"," ","6",3," "," ","6",0,"P"," ","6"
"647","USC00397227",1924,11,"PRCP",0,"P"," ","6",0,"P"," ","6",0,"P"," ","6",0,"P"," ","6",36," "," ","6",107," "," ","6",3," "," ","6",0,"P"," ","6",0,"P"," ","6",3," "," ","6",0,"P"," ","6",0,"P"," ","6",0,"P"," ","6",0,"P"," ","6",0,"P"," ","6",0,"P"," ","6",0,"P"," ","6",0,"P"," ","6",0,"P"," ","6",56," "," ","6",0,"P"," ","6",30," "," ","6",58," "," ","6",0,"P"," ","6",0,"P"," ","6",0,"P"," ","6",48," "," ","6",74," "," ","6",0,"P"," ","6",0,"P"," ","6",NA," "," "," "
"650","USC00397227",1924,12,"PRCP",0,"P"," ","6",3," "," ","6",3," "," ","6",3," "," ","6",0,"P"," ","6",13," "," ","6",71," "," ","6",3," "," ","6",3," "," ","6",0,"P"," ","6",0,"P"," ","6",0,"P"," ","6",30," "," ","6",0,"P"," ","6",0,"P"," ","6",3," "," ","6",5," "," ","6",3," "," ","6",0,"P"," ","6",0,"P"," ","6",15," "," ","6",3," "," ","6",3," "," ","6",3," "," ","6",3," "," ","6",0,"P"," ","6",3," "," ","6",0,"P"," ","6",0,"P"," ","6",3," "," ","6",58," "," ","6"
"653","USC00397227",1925,1,"PRCP",3," "," ","6",28," "," ","6",15," "," ","6",3," "," ","6",3," "," ","6",0,"P"," ","6",0,"P"," ","6",0,"P"," ","6",0,"P"," ","6",0,"P"," ","6",13," "," ","6",3," "," ","6",3," "," ","6",3," "," ","6",15," "," ","6",0,"P"," ","6",0,"P"," ","6",0,"P"," ","6",0,"P"," ","6",0,"P"," ","6",0,"P"," ","6",0,"P"," ","6",0,"P"," ","6",0,"P"," ","6",30," "," ","6",3," "," ","6",0,"P"," ","6",84," "," ","6",0,"P"," ","6",0,"P"," ","6",0,"P"," ","6"
"656","USC00397227",1925,2,"PRCP",13," "," ","6",0,"P"," ","6",0,"P"," ","6",0,"P"," ","6",0,"P"," ","6",0,"P"," ","6",38," "," ","6",0,"P"," ","6",3," "," ","6",3," "," ","6",0,"P"," ","6",0,"P"," ","6",0,"P"," ","6",0,"P"," ","6",41," "," ","6",48," "," ","6",0,"P"," ","6",0,"P"," ","6",3," "," ","6",0,"P"," ","6",0,"P"," ","6",56," "," ","6",0,"P"," ","6",28," "," ","6",25," "," ","6",5," "," ","6",0,"P"," ","6",23," "," ","6",NA," "," "," ",NA," "," "," ",NA," "," "," "
"659","USC00397227",1925,3,"PRCP",33," "," ","6",0,"P"," ","6",0,"P"," ","6",0,"P"," ","6",0,"P"," ","6",0,"P"," ","6",3," "," ","6",0,"P"," ","6",53," "," ","6",0,"P"," ","6",0,"P"," ","6",0,"P"," ","6",23," "," ","6",0,"P"," ","6",3," "," ","6",0,"P"," ","6",23," "," ","6",5," "," ","6",0,"P"," ","6",0,"P"," ","6",0,"P"," ","6",0,"P"," ","6",58," "," ","6",0,"P"," ","6",0,"P"," ","6",0,"P"," ","6",0,"P"," ","6",0,"P"," ","6",0,"P"," ","6",23," "," ","6",0,"P"," ","6"
"662","USC00397227",1925,4,"PRCP",76," "," ","6",79," "," ","6",0,"P"," ","6",0,"P"," ","6",0,"P"," ","6",0,"T"," ","6",170," "," ","6",23," "," ","6",0,"P"," ","6",0,"P"," ","6",0,"P"," ","6",0,"P"," ","6",13," "," ","6",0,"P"," ","6",0,"T"," ","6",0,"P"," ","6",15," "," ","6",3," "," ","6",0,"P"," ","6",0,"P"," ","6",3," "," ","6",71," "," ","6",3," "," ","6",0,"P"," ","6",0,"P"," ","6",0,"P"," ","6",3," "," ","6",8," "," ","6",0,"P"," ","6",0,"P"," ","6",NA," "," "," "
"664","USC00397227",1925,5,"PRCP",0,"P"," ","6",0,"P"," ","6",10," "," ","6",15," "," ","6",0,"P"," ","6",0,"P"," ","6",0,"T"," ","6",51," "," ","6",0,"P"," ","6",0,"P"," ","6",0,"P"," ","6",0,"P"," ","6",0,"P"," ","6",124," "," ","6",650," "," ","6",0,"P"," ","6",0,"P"," ","6",0,"P"," ","6",0,"P"," ","6",0,"P"," ","6",0,"P"," ","6",23," "," ","6",0,"P"," ","6",0,"P"," ","6",5," "," ","6",41," "," ","6",0,"P"," ","6",0,"P"," ","6",0,"P"," ","6",0,"P"," ","6",25," "," ","6"
"666","USC00397227",1925,6,"PRCP",0,"P"," ","6",13," "," ","6",18," "," ","6",13," "," ","6",183," "," ","6",18," "," ","6",330," "," ","6",15," "," ","6",0,"P"," ","6",10," "," ","6",56," "," ","6",0,"P"," ","6",51," "," ","6",91," "," ","6",18," "," ","6",142," "," ","6",0,"P"," ","6",0,"P"," ","6",0,"P"," ","6",89," "," ","6",8," "," ","6",193," "," ","6",124," "," ","6",0,"P"," ","6",0,"P"," ","6",0,"P"," ","6",0,"P"," ","6",25," "," ","6",0,"P"," ","6",0,"P"," ","6",NA," "," "," "
"667","USC00397227",1925,7,"PRCP",76," "," ","6",64," "," ","6",66," "," ","6",0,"P"," ","6",5," "," ","6",23," "," ","6",0,"P"," ","6",0,"P"," ","6",0,"P"," ","6",0,"P"," ","6",13," "," ","6",13," "," ","6",0,"P"," ","6",0,"P"," ","6",0,"P"," ","6",0,"P"," ","6",0,"P"," ","6",18," "," ","6",8," "," ","6",0,"P"," ","6",0,"P"," ","6",20," "," ","6",140," "," ","6",8," "," ","6",5," "," ","6",3," "," ","6",3," "," ","6",0,"P"," ","6",38," "," ","6",0,"P"," ","6",0,"P"," ","6"
"668","USC00397227",1925,8,"PRCP",0,"P"," ","6",0,"P"," ","6",0,"P"," ","6",0,"T"," ","6",0,"P"," ","6",0,"P"," ","6",0,"P"," ","6",28," "," ","6",28," "," ","6",8," "," ","6",0,"P"," ","6",185," "," ","6",0,"P"," ","6",3," "," ","6",0,"P"," ","6",0,"P"," ","6",0,"P"," ","6",0,"P"," ","6",0,"T"," ","6",0,"P"," ","6",0,"P"," ","6",0,"P"," ","6",0,"T"," ","6",0,"P"," ","6",0,"P"," ","6",0,"P"," ","6",0,"P"," ","6",0,"P"," ","6",28," "," ","6",0,"P"," ","6",0,"P"," ","6"
"669","USC00397227",1925,9,"PRCP",NA," "," "," ",NA," "," "," ",NA," "," "," ",3," "," ","6",8," "," ","6",NA," "," "," ",NA," "," "," ",NA," "," "," ",NA," "," "," ",NA," "," "," ",NA," "," "," ",NA," "," "," ",102," "," ","6",36," "," ","6",NA," "," "," ",NA," "," "," ",NA," "," "," ",NA," "," "," ",NA," "," "," ",NA," "," "," ",NA," "," "," ",56," "," ","6",NA," "," "," ",NA," "," "," ",NA," "," "," ",NA," "," "," ",NA," "," "," ",0,"T"," ","6",NA," "," "," ",NA," "," "," ",NA," "," "," "
"670","USC00397227",1925,10,"PRCP",0,"P"," ","6",0,"P"," ","6",0,"P"," ","6",0,"P"," ","6",0,"P"," ","6",94," "," ","6",0,"P"," ","6",3," "," ","6",0,"P"," ","6",0,"P"," ","6",51," "," ","6",64," "," ","6",5," "," ","6",0,"P"," ","6",0,"P"," ","6",51," "," ","6",0,"P"," ","6",13," "," ","6",0,"P"," ","6",0,"P"," ","6",0,"T"," ","6",0,"P"," ","6",66," "," ","6",25," "," ","6",51," "," ","6",5," "," ","6",51," "," ","6",0,"P"," ","6",10," "," ","6",0,"P"," ","6",0,"P"," ","6"
"673","USC00397227",1925,11,"PRCP",0,"P"," ","6",0,"P"," ","6",0,"P"," ","6",28," "," ","6",0,"P"," ","6",0,"P"," ","6",0,"P"," ","6",0,"P"," ","6",0,"P"," ","6",0,"P"," ","6",0,"P"," ","6",5," "," ","6",0,"P"," ","6",3," "," ","6",23," "," ","6",0,"P"," ","6",0,"P"," ","6",0,"P"," ","6",0,"P"," ","6",0,"P"," ","6",5," "," ","6",0,"P"," ","6",0,"P"," ","6",0,"P"," ","6",0,"P"," ","6",0,"P"," ","6",13," "," ","6",0,"P"," ","6",15," "," ","6",0,"P"," ","6",NA," "," "," "
"675","USC00397227",1925,12,"PRCP",NA," "," "," ",NA," "," "," ",5," "," ","6",5," "," ","6",23," "," ","6",3," "," ","6",23," "," ","6",NA," "," "," ",NA," "," "," ",NA," "," "," ",NA," "," "," ",NA," "," "," ",36," "," ","6",3," "," ","6",NA," "," "," ",NA," "," "," ",NA," "," "," ",5," "," ","6",NA," "," "," ",5," "," ","6",NA," "," "," ",NA," "," "," ",NA," "," "," ",13," "," ","6",13," "," ","6",38," "," ","6",5," "," ","6",3," "," ","6",3," "," ","6",NA," "," "," ",NA," "," "," "
"678","USC00397227",1926,1,"PRCP",NA," "," "," ",NA," "," "," ",89," "," ","6",48," "," ","6",51," "," ","6",48," "," ","6",5," "," ","6",NA," "," "," ",NA," "," "," ",10," "," ","6",23," "," ","6",5," "," ","6",NA," "," "," ",NA," "," "," ",NA," "," "," ",NA," "," "," ",NA," "," "," ",10," "," ","6",64," "," ","6",NA," "," "," ",NA," "," "," ",NA," "," "," ",NA," "," "," ",3," "," ","6",NA," "," "," ",64," "," ","6",NA," "," "," ",NA," "," "," ",NA," "," "," ",25," "," ","6",NA," "," "," "
"681","USC00397227",1926,2,"PRCP",0,"P"," ","6",0,"P"," ","6",0,"P"," ","6",0,"P"," ","6",0,"P"," ","6",0,"P"," ","6",0,"P"," ","6",0,"P"," ","6",0,"P"," ","6",0,"P"," ","6",0,"P"," ","6",0,"P"," ","6",58," "," ","6",18," "," ","6",0,"P"," ","6",0,"P"," ","6",5," "," ","6",0,"P"," ","6",0,"P"," ","6",0,"P"," ","6",33," "," ","6",0,"P"," ","6",3," "," ","6",5," "," ","6",38," "," ","6",25," "," ","6",0,"P"," ","6",0,"T"," ","6",NA," "," "," ",NA," "," "," ",NA," "," "," "
"684","USC00397227",1926,3,"PRCP",0,"P"," ","6",0,"P"," ","6",0,"P"," ","6",0,"P"," ","6",0,"T"," ","6",33," "," ","6",0,"P"," ","6",0,"P"," ","6",0,"P"," ","6",0,"P"," ","6",3," "," ","6",15," "," ","6",33," "," ","6",8," "," ","6",0,"P"," ","6",0,"P"," ","6",0,"P"," ","6",0,"P"," ","6",0,"P"," ","6",0,"P"," ","6",0,"T"," ","6",0,"P"," ","6",0,"P"," ","6",107," "," ","6",23," "," ","6",10," "," ","6",38," "," ","6",23," "," ","6",0,"P"," ","6",28," "," ","6",8," "," ","6"
"687","USC00397227",1926,4,"PRCP",104," "," ","6",33," "," ","6",8," "," ","6",8," "," ","6",38," "," ","6",3," "," ","6",0,"P"," ","6",18," "," ","6",0,"P"," ","6",0,"P"," ","6",0,"P"," ","6",0,"P"," ","6",0,"T"," ","6",0,"P"," ","6",0,"P"," ","6",0,"P"," ","6",0,"P"," ","6",0,"P"," ","6",0,"P"," ","6",23," "," ","6",0,"P"," ","6",0,"P"," ","6",10," "," ","6",0,"P"," ","6",0,"P"," ","6",0,"P"," ","6",0,"P"," ","6",0,"P"," ","6",0,"P"," ","6",0,"P"," ","6",NA," "," "," "
"690","USC00397227",1926,5,"PRCP",38," "," ","6",0,"P"," ","6",0,"P"," ","6",0,"P"," ","6",10," "," ","6",36," "," ","6",114," "," ","6",0,"P"," ","6",0,"P"," ","6",51," "," ","6",43," "," ","6",25," "," ","6",56," "," ","6",0,"P"," ","6",0,"P"," ","6",0,"P"," ","6",132," "," ","6",10," "," ","6",0,"P"," ","6",20," "," ","6",0,"P"," ","6",0,"P"," ","6",0,"P"," ","6",0,"P"," ","6",0,"P"," ","6",3," "," ","6",66," "," ","6",3," "," ","6",0,"P"," ","6",58," "," ","6",23," "," ","6"
"691","USC00397227",1926,6,"PRCP",0,"P"," ","6",0,"P"," ","6",28," "," ","6",0,"P"," ","6",0,"P"," ","6",0,"P"," ","6",0,"P"," ","6",0,"P"," ","6",18," "," ","6",25," "," ","6",23," "," ","6",130," "," ","6",361," "," ","6",198," "," ","6",64," "," ","6",25," "," ","6",5," "," ","6",36," "," ","6",43," "," ","6",5," "," ","6",0,"T"," ","6",8," "," ","6",3," "," ","6",20," "," ","6",3," "," ","6",0,"P"," ","6",0,"P"," ","6",3," "," ","6",188," "," ","6",188," "," ","6",NA," "," "," "
"692","USC00397227",1926,7,"PRCP",97," "," ","6",178," "," ","6",97," "," ","6",30," "," ","6",8," "," ","6",3," "," ","6",10," "," ","6",358," "," ","6",246," "," ","6",0,"P"," ","6",0,"P"," ","6",0,"P"," ","6",0,"P"," ","6",0,"P"," ","6",0,"P"," ","6",0,"P"," ","6",0,"T"," ","6",0,"P"," ","6",0,"T"," ","6",0,"P"," ","6",132," "," ","6",0,"P"," ","6",0,"P"," ","6",3," "," ","6",0,"P"," ","6",0,"P"," ","6",0,"P"," ","6",38," "," ","6",0,"P"," ","6",0,"P"," ","6",0,"P"," ","6"
"693","USC00397227",1926,8,"PRCP",0,"P"," ","6",8," "," ","6",38," "," ","6",0,"P"," ","6",0,"P"," ","6",0,"P"," ","6",5," "," ","6",0,"P"," ","6",0,"P"," ","6",130," "," ","6",0,"P"," ","6",208," "," ","6",71," "," ","6",0,"P"," ","6",0,"P"," ","6",241," "," ","6",0,"P"," ","6",0,"P"," ","6",51," "," ","6",0,"P"," ","6",0,"P"," ","6",0,"T"," ","6",25," "," ","6",0,"P"," ","6",0,"P"," ","6",0,"P"," ","6",13," "," ","6",25," "," ","6",0,"P"," ","6",0,"P"," ","6",0,"P"," ","6"
"694","USC00397227",1926,9,"PRCP",0,"P"," ","6",0,"P"," ","6",284," "," ","6",28," "," ","6",0,"P"," ","6",0,"P"," ","6",46," "," ","6",127," "," ","6",0,"P"," ","6",0,"P"," ","6",0,"P"," ","6",0,"P"," ","6",8," "," ","6",0,"P"," ","6",0,"P"," ","6",0,"P"," ","6",0,"P"," ","6",0,"P"," ","6",0,"P"," ","6",0,"P"," ","6",0,"P"," ","6",0,"P"," ","6",0,"P"," ","6",18," "," ","6",0,"P"," ","6",0,"P"," ","6",0,"P"," ","6",0,"P"," ","6",0,"P"," ","6",15," "," ","6",NA," "," "," "
"697","USC00397227",1926,10,"PRCP",10," "," ","6",0,"P"," ","6",79," "," ","6",84," "," ","6",0,"P"," ","6",0,"P"," ","6",0,"P"," ","6",0,"P"," ","6",0,"P"," ","6",0,"P"," ","6",0,"P"," ","6",0,"P"," ","6",0,"P"," ","6",0,"P"," ","6",0,"P"," ","6",0,"P"," ","6",0,"P"," ","6",0,"P"," ","6",69," "," ","6",0,"P"," ","6",0,"T"," ","6",0,"T"," ","6",10," "," ","6",0,"P"," ","6",43," "," ","6",0,"P"," ","6",69," "," ","6",0,"P"," ","6",0,"T"," ","6",0,"T"," ","6",0,"T"," ","6"
"699","USC00397227",1926,11,"PRCP",0,"T"," ","6",8," "," ","6",15," "," ","6",0,"P"," ","6",0,"P"," ","6",0,"P"," ","6",122," "," ","6",51," "," ","6",0,"P"," ","6",0,"P"," ","6",0,"P"," ","6",0,"P"," ","6",5," "," ","6",5," "," ","6",3," "," ","6",13," "," ","6",23," "," ","6",0,"P"," ","6",0,"P"," ","6",41," "," ","6",15," "," ","6",0,"P"," ","6",13," "," ","6",0,"P"," ","6",15," "," ","6",0,"P"," ","6",30," "," ","6",3," "," ","6",0,"P"," ","6",8," "," ","6",NA," "," "," "
"702","USC00397227",1926,12,"PRCP",0,"P"," ","6",0,"P"," ","6",0,"P"," ","6",0,"P"," ","6",0,"P"," ","6",0,"P"," ","6",0,"P"," ","6",0,"T"," ","6",0,"P"," ","6",0,"P"," ","6",0,"P"," ","6",61," "," ","6",0,"T"," ","6",0,"P"," ","6",0,"P"," ","6",3," "," ","6",0,"P"," ","6",0,"P"," ","6",0,"P"," ","6",0,"P"," ","6",0,"P"," ","6",0,"P"," ","6",0,"P"," ","6",0,"P"," ","6",0,"P"," ","6",0,"P"," ","6",0,"P"," ","6",64," "," ","6",0,"P"," ","6",0,"P"," ","6",0,"P"," ","6"
"705","USC00397227",1927,1,"PRCP",0,"P"," ","6",0,"P"," ","6",0,"P"," ","6",0,"P"," ","6",0,"P"," ","6",0,"P"," ","6",3," "," ","6",10," "," ","6",0,"P"," ","6",0,"P"," ","6",0,"P"," ","6",25," "," ","6",8," "," ","6",3," "," ","6",0,"P"," ","6",0,"P"," ","6",79," "," ","6",3," "," ","6",8," "," ","6",38," "," ","6",13," "," ","6",5," "," ","6",0,"P"," ","6",0,"P"," ","6",0,"P"," ","6",0,"P"," ","6",0,"P"," ","6",0,"P"," ","6",8," "," ","6",3," "," ","6",0,"P"," ","6"
"708","USC00397227",1927,2,"PRCP",0,"P"," ","6",0,"P"," ","6",0,"P"," ","6",0,"P"," ","6",0,"P"," ","6",0,"P"," ","6",0,"P"," ","6",0,"P"," ","6",0,"P"," ","6",0,"P"," ","6",0,"P"," ","6",5," "," ","6",13," "," ","6",0,"P"," ","6",0,"P"," ","6",0,"P"," ","6",0,"P"," ","6",0,"P"," ","6",5," "," ","6",0,"P"," ","6",3," "," ","6",0,"P"," ","6",0,"T"," ","6",28," "," ","6",0,"P"," ","6",0,"P"," ","6",5," "," ","6",28," "," ","6",NA," "," "," ",NA," "," "," ",NA," "," "," "
"711","USC00397227",1927,3,"PRCP",NA," "," "," ",NA," "," "," ",NA," "," "," ",NA," "," "," ",NA," "," "," ",15," "," ","6",NA," "," "," ",NA," "," "," ",41," "," ","6",NA," "," "," ",0,"T"," ","6",NA," "," "," ",NA," "," "," ",NA," "," "," ",NA," "," "," ",0,"T"," ","6",NA," "," "," ",0,"T"," ","6",0,"T"," ","6",NA," "," "," ",0,"T"," ","6",13," "," ","6",28," "," ","6",8," "," ","6",0,"T"," ","6",NA," "," "," ",NA," "," "," ",NA," "," "," ",NA," "," "," ",NA," "," "," ",160," "," ","6"
"714","USC00397227",1927,4,"PRCP",0,"P"," ","6",13," "," ","6",13," "," ","6",0,"P"," ","6",0,"P"," ","6",0,"P"," ","6",0,"P"," ","6",58," "," ","6",104," "," ","6",56," "," ","6",41," "," ","6",168," "," ","6",157," "," ","6",241," "," ","6",165," "," ","6",10," "," ","6",0,"P"," ","6",0,"P"," ","6",5," "," ","6",51," "," ","6",0,"P"," ","6",0,"P"," ","6",20," "," ","6",0,"P"," ","6",0,"P"," ","6",0,"P"," ","6",3," "," ","6",0,"P"," ","6",0,"P"," ","6",0,"P"," ","6",NA," "," "," "
"717","USC00397227",1927,5,"PRCP",38," "," ","6",0,"P"," ","6",0,"P"," ","6",33," "," ","6",104," "," ","6",155," "," ","6",28," "," ","6",170," "," ","6",104," "," ","6",33," "," ","6",0,"P"," ","6",23," "," ","6",0,"P"," ","6",0,"P"," ","6",0,"P"," ","6",0,"P"," ","6",0,"P"," ","6",0,"T"," ","6",23," "," ","6",102," "," ","6",221," "," ","6",18," "," ","6",0,"P"," ","6",8," "," ","6",5," "," ","6",28," "," ","6",23," "," ","6",0,"P"," ","6",74," "," ","6",0,"P"," ","6",97," "," ","6"
"720","USC00397227",1927,6,"PRCP",417," "," ","6",0,"P"," ","6",13," "," ","6",0,"P"," ","6",18," "," ","6",0,"P"," ","6",0,"P"," ","6",0,"P"," ","6",3," "," ","6",0,"P"," ","6",64," "," ","6",18," "," ","6",13," "," ","6",0,"P"," ","6",15," "," ","6",38," "," ","6",38," "," ","6",0,"P"," ","6",0,"P"," ","6",137," "," ","6",0,"P"," ","6",0,"P"," ","6",0,"P"," ","6",0,"P"," ","6",0,"P"," ","6",0,"P"," ","6",0,"P"," ","6",38," "," ","6",10," "," ","6",38," "," ","6",NA," "," "," "
"722","USC00397227",1927,7,"PRCP",0,"T"," ","6",0,"P"," ","6",13," "," ","6",64," "," ","6",0,"P"," ","6",0,"P"," ","6",25," "," ","6",0,"P"," ","6",0,"P"," ","6",0,"P"," ","6",0,"P"," ","6",0,"P"," ","6",0,"P"," ","6",109," "," ","6",81," "," ","6",0,"P"," ","6",0,"P"," ","6",0,"P"," ","6",0,"P"," ","6",64," "," ","6",76," "," ","6",130," "," ","6",191," "," ","6",0,"P"," ","6",0,"P"," ","6",0,"P"," ","6",0,"P"," ","6",127," "," ","6",5," "," ","6",5," "," ","6",0,"T"," ","6"
"723","USC00397227",1927,8,"PRCP",114," "," ","6",33," "," ","6",5," "," ","6",5," "," ","6",0,"P"," ","6",0,"P"," ","6",132," "," ","6",53," "," ","6",0,"P"," ","6",0,"P"," ","6",64," "," ","6",330," "," ","6",0,"P"," ","6",0,"P"," ","6",76," "," ","6",53," "," ","6",5," "," ","6",0,"P"," ","6",0,"P"," ","6",13," "," ","6",51," "," ","6",259," "," ","6",18," "," ","6",0,"P"," ","6",20," "," ","6",81," "," ","6",0,"P"," ","6",0,"P"," ","6",0,"P"," ","6",0,"P"," ","6",0,"P"," ","6"
"724","USC00397227",1927,9,"PRCP",0,"P"," ","6",0,"P"," ","6",0,"P"," ","6",0,"P"," ","6",81," "," ","6",0,"P"," ","6",0,"P"," ","6",15," "," ","6",8," "," ","6",0,"P"," ","6",0,"P"," ","6",10," "," ","6",0,"P"," ","6",0,"P"," ","6",5," "," ","6",0,"P"," ","6",0,"P"," ","6",0,"P"," ","6",0,"P"," ","6",0,"P"," ","6",0,"P"," ","6",0,"P"," ","6",0,"P"," ","6",0,"P"," ","6",66," "," ","6",23," "," ","6",0,"P"," ","6",61," "," ","6",183," "," ","6",25," "," ","6",NA," "," "," "
"727","USC00397227",1927,10,"PRCP",38," "," ","6",76," "," ","6",0,"P"," ","6",0,"P"," ","6",79," "," ","6",0,"P"," ","6",0,"P"," ","6",0,"P"," ","6",0,"P"," ","6",0,"P"," ","6",104," "," ","6",3," "," ","6",0,"P"," ","6",0,"P"," ","6",0,"P"," ","6",0,"P"," ","6",0,"P"," ","6",0,"P"," ","6",0,"P"," ","6",0,"P"," ","6",0,"P"," ","6",0,"P"," ","6",0,"P"," ","6",0,"P"," ","6",0,"P"," ","6",0,"P"," ","6",0,"P"," ","6",0,"P"," ","6",15," "," ","6",13," "," ","6",0,"P"," ","6"
"730","USC00397227",1927,11,"PRCP",0,"P"," ","6",0,"P"," ","6",0,"P"," ","6",53," "," ","6",76," "," ","6",0,"P"," ","6",0,"P"," ","6",0,"P"," ","6",0,"P"," ","6",0,"P"," ","6",3," "," ","6",0,"P"," ","6",0,"P"," ","6",91," "," ","6",0,"P"," ","6",8," "," ","6",15," "," ","6",15," "," ","6",0,"P"," ","6",0,"P"," ","6",0,"P"," ","6",28," "," ","6",0,"P"," ","6",0,"P"," ","6",0,"P"," ","6",0,"P"," ","6",0,"P"," ","6",15," "," ","6",0,"P"," ","6",3," "," ","6",NA," "," "," "
"733","USC00397227",1927,12,"PRCP",0,"P"," ","6",28," "," ","6",38," "," ","6",0,"P"," ","6",0,"P"," ","6",25," "," ","6",5," "," ","6",0,"P"," ","6",0,"P"," ","6",8," "," ","6",0,"P"," ","6",0,"P"," ","6",3," "," ","6",10," "," ","6",0,"P"," ","6",99," "," ","6",5," "," ","6",0,"P"," ","6",0,"P"," ","6",0,"P"," ","6",0,"P"," ","6",0,"P"," ","6",0,"P"," ","6",0,"P"," ","6",0,"P"," ","6",0,"P"," ","6",0,"P"," ","6",0,"P"," ","6",3," "," ","6",0,"P"," ","6",0,"P"," ","6"
"736","USC00397227",1928,1,"PRCP",0,"P"," ","6",10," "," ","6",0,"P"," ","6",0,"P"," ","6",13," "," ","6",0,"P"," ","6",0,"P"," ","6",0,"P"," ","6",0,"P"," ","6",0,"P"," ","6",0,"P"," ","6",30," "," ","6",33," "," ","6",3," "," ","6",0,"P"," ","6",0,"P"," ","6",0,"P"," ","6",15," "," ","6",15," "," ","6",0,"P"," ","6",0,"P"," ","6",0,"P"," ","6",0,"P"," ","6",3," "," ","6",3," "," ","6",15," "," ","6",3," "," ","6",0,"P"," ","6",0,"P"," ","6",3," "," ","6",3," "," ","6"
"739","USC00397227",1928,2,"PRCP",0,"P"," ","6",0,"P"," ","6",0,"P"," ","6",0,"P"," ","6",0,"P"," ","6",0,"P"," ","6",0,"P"," ","6",0,"P"," ","6",0,"P"," ","6",0,"P"," ","6",0,"P"," ","6",0,"T"," ","6",0,"P"," ","6",3," "," ","6",5," "," ","6",137," "," ","6",165," "," ","6",5," "," ","6",3," "," ","6",0,"P"," ","6",0,"P"," ","6",10," "," ","6",0,"P"," ","6",0,"P"," ","6",0,"P"," ","6",0,"P"," ","6",0,"P"," ","6",3," "," ","6",0,"P"," ","6",NA," "," "," ",NA," "," "," "
"742","USC00397227",1928,3,"PRCP",0,"P"," ","6",0,"P"," ","6",0,"P"," ","6",0,"P"," ","6",0,"P"," ","6",0,"P"," ","6",0,"P"," ","6",0,"P"," ","6",0,"P"," ","6",3," "," ","6",3," "," ","6",25," "," ","6",0,"P"," ","6",5," "," ","6",25," "," ","6",3," "," ","6",10," "," ","6",13," "," ","6",0,"P"," ","6",0,"P"," ","6",0,"P"," ","6",0,"P"," ","6",0,"P"," ","6",0,"P"," ","6",64," "," ","6",13," "," ","6",38," "," ","6",5," "," ","6",13," "," ","6",0,"P"," ","6",0,"P"," ","6"
"745","USC00397227",1928,4,"PRCP",0,"P"," ","6",0,"P"," ","6",0,"P"," ","6",0,"P"," ","6",5," "," ","6",58," "," ","6",38," "," ","6",5," "," ","6",0,"P"," ","6",28," "," ","6",15," "," ","6",0,"P"," ","6",38," "," ","6",0,"P"," ","6",13," "," ","6",0,"P"," ","6",3," "," ","6",0,"P"," ","6",0,"P"," ","6",53," "," ","6",3," "," ","6",0,"P"," ","6",0,"P"," ","6",0,"P"," ","6",0,"P"," ","6",0,"P"," ","6",0,"P"," ","6",0,"P"," ","6",13," "," ","6",0,"P"," ","6",NA," "," "," "
"748","USC00397227",1928,5,"PRCP",8," "," ","6",89," "," ","6",0,"P"," ","6",0,"P"," ","6",0,"P"," ","6",0,"P"," ","6",0,"P"," ","6",0,"P"," ","6",0,"P"," ","6",0,"P"," ","6",0,"P"," ","6",0,"P"," ","6",102," "," ","6",114," "," ","6",61," "," ","6",25," "," ","6",38," "," ","6",25," "," ","6",61," "," ","6",64," "," ","6",0,"P"," ","6",0,"P"," ","6",0,"P"," ","6",0,"P"," ","6",0,"P"," ","6",0,"P"," ","6",0,"P"," ","6",69," "," ","6",0,"P"," ","6",89," "," ","6",89," "," ","6"
"750","USC00397227",1928,6,"PRCP",0,"P"," ","6",0,"P"," ","6",76," "," ","6",76," "," ","6",36," "," ","6",0,"P"," ","6",28," "," ","6",102," "," ","6",5," "," ","6",0,"P"," ","6",155," "," ","6",467," "," ","6",33," "," ","6",25," "," ","6",0,"P"," ","6",0,"P"," ","6",23," "," ","6",38," "," ","6",38," "," ","6",0,"P"," ","6",53," "," ","6",18," "," ","6",0,"P"," ","6",0,"P"," ","6",76," "," ","6",13," "," ","6",0,"P"," ","6",0,"P"," ","6",18," "," ","6",0,"P"," ","6",NA," "," "," "
"751","USC00397227",1928,7,"PRCP",0,"P"," ","6",0,"P"," ","6",69," "," ","6",38," "," ","6",0,"P"," ","6",117," "," ","6",206," "," ","6",0,"P"," ","6",0,"P"," ","6",3," "," ","6",15," "," ","6",0,"P"," ","6",0,"P"," ","6",0,"P"," ","6",0,"P"," ","6",15," "," ","6",97," "," ","6",3," "," ","6",0,"P"," ","6",20," "," ","6",0,"P"," ","6",0,"P"," ","6",104," "," ","6",0,"P"," ","6",0,"P"," ","6",0,"T"," ","6",23," "," ","6",97," "," ","6",0,"P"," ","6",0,"P"," ","6",56," "," ","6"
"752","USC00397227",1928,8,"PRCP",0,"P"," ","6",3," "," ","6",38," "," ","6",0,"P"," ","6",13," "," ","6",0,"P"," ","6",0,"P"," ","6",0,"P"," ","6",0,"P"," ","6",0,"P"," ","6",0,"P"," ","6",0,"P"," ","6",0,"P"," ","6",0,"P"," ","6",20," "," ","6",3," "," ","6",0,"P"," ","6",0,"P"," ","6",0,"P"," ","6",0,"P"," ","6",0,"P"," ","6",0,"P"," ","6",20," "," ","6",56," "," ","6",8," "," ","6",0,"P"," ","6",0,"P"," ","6",0,"P"," ","6",109," "," ","6",0,"P"," ","6",15," "," ","6"
"753","USC00397227",1928,9,"PRCP",0,"P"," ","6",0,"P"," ","6",0,"P"," ","6",3," "," ","6",0,"P"," ","6",0,"P"," ","6",0,"P"," ","6",0,"P"," ","6",13," "," ","6",0,"P"," ","6",0,"P"," ","6",0,"P"," ","6",216," "," ","6",218," "," ","6",0,"P"," ","6",0,"P"," ","6",0,"P"," ","6",0,"P"," ","6",0,"P"," ","6",114," "," ","6",0,"P"," ","6",0,"P"," ","6",0,"P"," ","6",0,"P"," ","6",0,"P"," ","6",0,"P"," ","6",0,"P"," ","6",0,"P"," ","6",0,"P"," ","6",0,"P"," ","6",NA," "," "," "
"755","USC00397227",1928,10,"PRCP",0,"P"," ","6",0,"P"," ","6",0,"P"," ","6",0,"P"," ","6",0,"P"," ","6",0,"P"," ","6",0,"P"," ","6",0,"P"," ","6",0,"P"," ","6",0,"P"," ","6",0,"T"," ","6",10," "," ","6",0,"P"," ","6",0,"T"," ","6",38," "," ","6",0,"T"," ","6",0,"P"," ","6",10," "," ","6",0,"P"," ","6",0,"P"," ","6",33," "," ","6",0,"P"," ","6",0,"P"," ","6",0,"P"," ","6",0,"P"," ","6",5," "," ","6",0,"P"," ","6",3," "," ","6",0,"P"," ","6",0,"P"," ","6",66," "," ","6"
"758","USC00397227",1928,11,"PRCP",69," "," ","6",0,"P"," ","6",0,"P"," ","6",0,"P"," ","6",0,"P"," ","6",38," "," ","6",30," "," ","6",0,"P"," ","6",0,"P"," ","6",0,"P"," ","6",0,"P"," ","6",0,"P"," ","6",0,"P"," ","6",36," "," ","6",51," "," ","6",10," "," ","6",0,"P"," ","6",13," "," ","6",5," "," ","6",5," "," ","6",0,"P"," ","6",0,"P"," ","6",0,"P"," ","6",0,"P"," ","6",0,"P"," ","6",0,"P"," ","6",0,"P"," ","6",3," "," ","6",0,"P"," ","6",0,"P"," ","6",NA," "," "," "
"761","USC00397227",1928,12,"PRCP",3," "," ","6",38," "," ","6",0,"P"," ","6",0,"P"," ","6",0,"P"," ","6",0,"P"," ","6",0,"P"," ","6",0,"P"," ","6",0,"P"," ","6",0,"P"," ","6",0,"P"," ","6",0,"P"," ","6",0,"P"," ","6",0,"P"," ","6",3," "," ","6",3," "," ","6",0,"P"," ","6",64," "," ","6",15," "," ","6",0,"P"," ","6",0,"T"," ","6",0,"T"," ","6",0,"P"," ","6",0,"P"," ","6",0,"P"," ","6",0,"P"," ","6",3," "," ","6",3," "," ","6",0,"P"," ","6",5," "," ","6",5," "," ","6"
"764","USC00397227",1929,1,"PRCP",0,"P"," ","6",0,"T"," ","6",3," "," ","6",5," "," ","6",0,"P"," ","6",5," "," ","6",5," "," ","6",0,"P"," ","6",25," "," ","6",23," "," ","6",8," "," ","6",5," "," ","6",10," "," ","6",13," "," ","6",0,"P"," ","6",13," "," ","6",13," "," ","6",5," "," ","6",13," "," ","6",0,"P"," ","6",0,"P"," ","6",20," "," ","6",74," "," ","6",0,"P"," ","6",0,"P"," ","6",0,"P"," ","6",0,"P"," ","6",0,"P"," ","6",0,"P"," ","6",0,"P"," ","6",0,"P"," ","6"
"767","USC00397227",1929,2,"PRCP",0,"P"," ","6",0,"P"," ","6",0,"P"," ","6",0,"P"," ","6",51," "," ","6",8," "," ","6",0,"T"," ","6",0,"T"," ","6",3," "," ","6",0,"P"," ","6",0,"P"," ","6",0,"P"," ","6",5," "," ","6",3," "," ","6",10," "," ","6",10," "," ","6",28," "," ","6",13," "," ","6",0,"T"," ","6",23," "," ","6",25," "," ","6",0,"P"," ","6",0,"P"," ","6",23," "," ","6",20," "," ","6",18," "," ","6",15," "," ","6",3," "," ","6",NA," "," "," ",NA," "," "," ",NA," "," "," "
"770","USC00397227",1929,3,"PRCP",5," "," ","6",25," "," ","6",25," "," ","6",0,"T"," ","6",0,"P"," ","6",18," "," ","6",0,"P"," ","6",0,"P"," ","6",0,"P"," ","6",0,"P"," ","6",0,"P"," ","6",180," "," ","6",43," "," ","6",36," "," ","6",23," "," ","6",0,"P"," ","6",0,"P"," ","6",0,"P"," ","6",0,"P"," ","6",0,"P"," ","6",8," "," ","6",46," "," ","6",30," "," ","6",3," "," ","6",0,"P"," ","6",0,"P"," ","6",0,"P"," ","6",0,"P"," ","6",0,"P"," ","6",8," "," ","6",66," "," ","6"
"773","USC00397227",1929,4,"PRCP",3," "," ","6",0,"P"," ","6",0,"P"," ","6",0,"P"," ","6",36," "," ","6",41," "," ","6",20," "," ","6",0,"P"," ","6",76," "," ","6",84," "," ","6",0,"P"," ","6",0,"P"," ","6",43," "," ","6",0,"P"," ","6",0,"P"," ","6",0,"P"," ","6",0,"P"," ","6",23," "," ","6",0,"P"," ","6",0,"P"," ","6",0,"P"," ","6",0,"T"," ","6",140," "," ","6",244," "," ","6",0,"P"," ","6",0,"P"," ","6",0,"P"," ","6",0,"P"," ","6",36," "," ","6",0,"P"," ","6",NA," "," "," "
"776","USC00397227",1929,5,"PRCP",33," "," ","6",0,"P"," ","6",15," "," ","6",15," "," ","6",81," "," ","6",13," "," ","6",84," "," ","6",13," "," ","6",8," "," ","6",0,"P"," ","6",0,"P"," ","6",0,"P"," ","6",0,"P"," ","6",8," "," ","6",8," "," ","6",0,"P"," ","6",0,"T"," ","6",0,"P"," ","6",0,"P"," ","6",0,"P"," ","6",0,"T"," ","6",0,"P"," ","6",0,"P"," ","6",0,"P"," ","6",8," "," ","6",551," "," ","6",13," "," ","6",13," "," ","6",211," "," ","6",0,"P"," ","6",13," "," ","6"
"779","USC00397227",1929,6,"PRCP",38," "," ","6",452," "," ","6",0,"P"," ","6",23," "," ","6",28," "," ","6",69," "," ","6",0,"P"," ","6",0,"P"," ","6",0,"P"," ","6",0,"P"," ","6",157," "," ","6",15," "," ","6",0,"P"," ","6",0,"P"," ","6",13," "," ","6",0,"P"," ","6",0,"P"," ","6",0,"P"," ","6",0,"P"," ","6",0,"P"," ","6",23," "," ","6",23," "," ","6",160," "," ","6",0,"P"," ","6",0,"P"," ","6",18," "," ","6",0,"P"," ","6",0,"P"," ","6",0,"P"," ","6",18," "," ","6",NA," "," "," "
"780","USC00397227",1929,7,"PRCP",0,"T"," ","6",15," "," ","6",36," "," ","6",284," "," ","6",97," "," ","6",8," "," ","6",18," "," ","6",53," "," ","6",0,"P"," ","6",0,"P"," ","6",0,"P"," ","6",0,"P"," ","6",122," "," ","6",226," "," ","6",13," "," ","6",41," "," ","6",0,"P"," ","6",0,"P"," ","6",0,"P"," ","6",0,"P"," ","6",0,"P"," ","6",0,"P"," ","6",0,"P"," ","6",0,"P"," ","6",0,"P"," ","6",0,"P"," ","6",5," "," ","6",0,"P"," ","6",0,"P"," ","6",0,"P"," ","6",0,"P"," ","6"
"781","USC00397227",1929,8,"PRCP",3," "," ","6",3," "," ","6",0,"P"," ","6",13," "," ","6",0,"P"," ","6",389," "," ","6",8," "," ","6",10," "," ","6",13," "," ","6",0,"P"," ","6",10," "," ","6",0,"P"," ","6",0,"P"," ","6",0,"P"," ","6",0,"P"," ","6",0,"P"," ","6",0,"P"," ","6",0,"P"," ","6",0,"P"," ","6",15," "," ","6",0,"P"," ","6",0,"P"," ","6",0,"P"," ","6",0,"P"," ","6",28," "," ","6",56," "," ","6",292," "," ","6",0,"P"," ","6",53," "," ","6",48," "," ","6",5," "," ","6"
"782","USC00397227",1929,9,"PRCP",0,"P"," ","6",0,"P"," ","6",69," "," ","6",15," "," ","6",0,"P"," ","6",84," "," ","6",8," "," ","6",0,"P"," ","6",0,"P"," ","6",0,"P"," ","6",0,"P"," ","6",0,"P"," ","6",15," "," ","6",0,"P"," ","6",0,"P"," ","6",0,"P"," ","6",0,"P"," ","6",0,"P"," ","6",0,"P"," ","6",0,"P"," ","6",0,"P"," ","6",10," "," ","6",20," "," ","6",30," "," ","6",279," "," ","6",193," "," ","6",13," "," ","6",69," "," ","6",28," "," ","6",0,"P"," ","6",NA," "," "," "
"784","USC00397227",1929,10,"PRCP",0,"P"," ","6",8," "," ","6",53," "," ","6",0,"P"," ","6",0,"P"," ","6",0,"P"," ","6",0,"P"," ","6",0,"P"," ","6",23," "," ","6",0,"P"," ","6",58," "," ","6",0,"P"," ","6",0,"P"," ","6",0,"P"," ","6",0,"P"," ","6",0,"P"," ","6",0,"P"," ","6",0,"P"," ","6",0,"P"," ","6",0,"P"," ","6",0,"P"," ","6",142," "," ","6",13," "," ","6",0,"P"," ","6",0,"P"," ","6",0,"P"," ","6",0,"P"," ","6",53," "," ","6",20," "," ","6",8," "," ","6",66," "," ","6"
"787","USC00397227",1929,11,"PRCP",0,"P"," ","6",3," "," ","6",5," "," ","6",0,"P"," ","6",0,"P"," ","6",0,"P"," ","6",0,"P"," ","6",0,"P"," ","6",0,"P"," ","6",0,"P"," ","6",66," "," ","6",0,"T"," ","6",0,"P"," ","6",0,"P"," ","6",0,"P"," ","6",0,"P"," ","6",0,"P"," ","6",3," "," ","6",23," "," ","6",3," "," ","6",8," "," ","6",10," "," ","6",8," "," ","6",0,"P"," ","6",0,"P"," ","6",0,"P"," ","6",0,"P"," ","6",175," "," ","6",41," "," ","6",66," "," ","6",NA," "," "," "
"790","USC00397227",1929,12,"PRCP",30," "," ","6",0,"P"," ","6",0,"P"," ","6",0,"P"," ","6",0,"P"," ","6",5," "," ","6",13," "," ","6",10," "," ","6",0,"P"," ","6",0,"P"," ","6",0,"P"," ","6",0,"P"," ","6",0,"P"," ","6",0,"P"," ","6",0,"P"," ","6",0,"P"," ","6",25," "," ","6",0,"T"," ","6",0,"P"," ","6",0,"P"," ","6",0,"P"," ","6",0,"P"," ","6",0,"P"," ","6",10," "," ","6",0,"P"," ","6",0,"P"," ","6",3," "," ","6",3," "," ","6",0,"P"," ","6",0,"P"," ","6",0,"T"," ","6"
"793","USC00397227",1930,1,"PRCP",0,"P"," ","6",5," "," ","6",0,"P"," ","6",0,"P"," ","6",0,"P"," ","6",28," "," ","6",0,"P"," ","6",0,"T"," ","6",0,"P"," ","6",0,"P"," ","6",3," "," ","6",5," "," ","6",20," "," ","6",15," "," ","6",0,"P"," ","6",64," "," ","6",3," "," ","6",3," "," ","6",3," "," ","6",56," "," ","6",0,"P"," ","6",0,"P"," ","6",8," "," ","6",0,"P"," ","6",3," "," ","6",0,"P"," ","6",0,"P"," ","6",0,"P"," ","6",0,"P"," ","6",3," "," ","6",0,"P"," ","6"
"796","USC00397227",1930,2,"PRCP",0,"T"," ","6",0,"P"," ","6",3," "," ","6",0,"P"," ","6",3," "," ","6",0,"P"," ","6",3," "," ","6",0,"T"," ","6",0,"P"," ","6",0,"P"," ","6",3," "," ","6",0,"P"," ","6",3," "," ","6",3," "," ","6",0,"P"," ","6",0,"P"," ","6",0,"P"," ","6",0,"P"," ","6",0,"P"," ","6",0,"P"," ","6",0,"P"," ","6",0,"P"," ","6",0,"T"," ","6",15," "," ","6",10," "," ","6",0,"P"," ","6",3," "," ","6",28," "," ","6",NA," "," "," ",NA," "," "," ",NA," "," "," "
"799","USC00397227",1930,3,"PRCP",5," "," ","6",0,"P"," ","6",0,"P"," ","6",0,"P"," ","6",0,"P"," ","6",58," "," ","6",0,"P"," ","6",0,"P"," ","6",0,"P"," ","6",0,"P"," ","6",0,"P"," ","6",3," "," ","6",86," "," ","6",0,"P"," ","6",0,"P"," ","6",0,"P"," ","6",0,"P"," ","6",0,"P"," ","6",0,"P"," ","6",3," "," ","6",3," "," ","6",66," "," ","6",25," "," ","6",79," "," ","6",20," "," ","6",30," "," ","6",3," "," ","6",0,"P"," ","6",0,"P"," ","6",3," "," ","6",0,"P"," ","6"
"802","USC00397227",1930,4,"PRCP",NA," "," "," ",NA," "," "," ",NA," "," "," ",NA," "," "," ",NA," "," "," ",NA," "," "," ",NA," "," "," ",NA," "," "," ",NA," "," "," ",3," "," ","6",3," "," ","6",NA," "," "," ",NA," "," "," ",48," "," ","6",NA," "," "," ",NA," "," "," ",NA," "," "," ",64," "," ","6",25," "," ","6",NA," "," "," ",0,"T"," ","6",NA," "," "," ",30," "," ","6",20," "," ","6",132," "," ","6",8," "," ","6",38," "," ","6",36," "," ","6",NA," "," "," ",38," "," ","6",NA," "," "," "
"804","USC00397227",1930,5,"PRCP",NA," "," "," ",NA," "," "," ",89," "," ","6",NA," "," "," ",76," "," ","6",41," "," ","6",NA," "," "," ",102," "," ","6",76," "," ","6",13," "," ","6",43," "," ","6",20," "," ","6",3," "," ","6",NA," "," "," ",NA," "," "," ",25," "," ","6",15," "," ","6",NA," "," "," ",NA," "," "," ",NA," "," "," ",NA," "," "," ",NA," "," "," ",NA," "," "," ",NA," "," "," ",NA," "," "," ",NA," "," "," ",NA," "," "," ",13," "," ","6",13," "," ","6",NA," "," "," ",13," "," ","6"
"807","USC00397227",1930,6,"PRCP",0,"P"," ","6",58," "," ","6",33," "," ","6",46," "," ","6",8," "," ","6",0,"P"," ","6",0,"P"," ","6",18," "," ","6",58," "," ","6",0,"P"," ","6",0,"P"," ","6",0,"P"," ","6",0,"P"," ","6",0,"P"," ","6",0,"P"," ","6",0,"P"," ","6",5," "," ","6",0,"P"," ","6",0,"P"," ","6",79," "," ","6",0,"P"," ","6",20," "," ","6",20," "," ","6",43," "," ","6",0,"P"," ","6",0,"P"," ","6",0,"P"," ","6",0,"P"," ","6",33," "," ","6",0,"P"," ","6",NA," "," "," "
"808","USC00397227",1930,7,"PRCP",0,"P"," ","6",0,"P"," ","6",0,"P"," ","6",0,"P"," ","6",429," "," ","6",18," "," ","6",15," "," ","6",30," "," ","6",0,"P"," ","6",0,"P"," ","6",0,"P"," ","6",104," "," ","6",0,"P"," ","6",0,"P"," ","6",0,"P"," ","6",0,"P"," ","6",0,"P"," ","6",0,"P"," ","6",0,"P"," ","6",0,"P"," ","6",0,"P"," ","6",15," "," ","6",0,"P"," ","6",0,"P"," ","6",0,"P"," ","6",0,"P"," ","6",0,"P"," ","6",15," "," ","6",30," "," ","6",15," "," ","6",0,"P"," ","6"
"809","USC00397227",1930,8,"PRCP",0,"P"," ","6",0,"P"," ","6",3," "," ","6",38," "," ","6",196," "," ","6",28," "," ","6",0,"P"," ","6",8," "," ","6",13," "," ","6",0,"P"," ","6",53," "," ","6",0,"P"," ","6",0,"P"," ","6",0,"P"," ","6",0,"P"," ","6",28," "," ","6",0,"P"," ","6",0,"P"," ","6",0,"P"," ","6",0,"P"," ","6",0,"P"," ","6",0,"P"," ","6",13," "," ","6",0,"P"," ","6",0,"P"," ","6",0,"P"," ","6",3," "," ","6",94," "," ","6",0,"P"," ","6",0,"P"," ","6",0,"P"," ","6"
"810","USC00397227",1930,9,"PRCP",0,"P"," ","6",0,"P"," ","6",0,"P"," ","6",43," "," ","6",0,"P"," ","6",18," "," ","6",0,"P"," ","6",8," "," ","6",0,"P"," ","6",0,"P"," ","6",0,"P"," ","6",0,"P"," ","6",0,"P"," ","6",0,"P"," ","6",0,"P"," ","6",0,"P"," ","6",0,"P"," ","6",0,"P"," ","6",0,"P"," ","6",0,"P"," ","6",0,"P"," ","6",0,"P"," ","6",0,"P"," ","6",0,"P"," ","6",259," "," ","6",0,"P"," ","6",0,"P"," ","6",0,"P"," ","6",0,"P"," ","6",0,"P"," ","6",NA," "," "," "
"812","USC00397227",1930,10,"PRCP",NA," "," "," ",145," "," ","6",170," "," ","6",56," "," ","6",NA," "," "," ",NA," "," "," ",NA," "," "," ",NA," "," "," ",NA," "," "," ",NA," "," "," ",94," "," ","6",NA," "," "," ",NA," "," "," ",NA," "," "," ",NA," "," "," ",NA," "," "," ",NA," "," "," ",NA," "," "," ",NA," "," "," ",53," "," ","6",NA," "," "," ",NA," "," "," ",NA," "," "," ",NA," "," "," ",NA," "," "," ",15," "," ","6",18," "," ","6",NA," "," "," ",NA," "," "," ",NA," "," "," ",NA," "," "," "
"815","USC00397227",1930,11,"PRCP",0,"P"," ","6",0,"P"," ","6",0,"P"," ","6",0,"P"," ","6",0,"P"," ","6",0,"P"," ","6",0,"P"," ","6",0,"P"," ","6",0,"P"," ","6",0,"P"," ","6",0,"P"," ","6",0,"P"," ","6",0,"P"," ","6",0,"P"," ","6",13," "," ","6",0,"P"," ","6",3," "," ","6",84," "," ","6",51," "," ","6",0,"P"," ","6",0,"P"," ","6",0,"P"," ","6",25," "," ","6",0,"P"," ","6",18," "," ","6",3," "," ","6",0,"P"," ","6",0,"P"," ","6",0,"P"," ","6",0,"P"," ","6",NA," "," "," "
"818","USC00397227",1930,12,"PRCP",0,"P"," ","6",0,"P"," ","6",0,"P"," ","6",0,"P"," ","6",0,"P"," ","6",0,"P"," ","6",0,"P"," ","6",0,"P"," ","6",0,"P"," ","6",0,"P"," ","6",0,"P"," ","6",0,"P"," ","6",0,"P"," ","6",33," "," ","6",0,"P"," ","6",0,"P"," ","6",8," "," ","6",8," "," ","6",8," "," ","6",10," "," ","6",10," "," ","6",0,"P"," ","6",0,"P"," ","6",0,"P"," ","6",0,"P"," ","6",0,"P"," ","6",0,"P"," ","6",0,"P"," ","6",0,"P"," ","6",0,"P"," ","6",0,"P"," ","6"
"821","USC00397227",1931,1,"PRCP",0,"P"," ","6",0,"P"," ","6",0,"P"," ","6",20," "," ","6",0,"P"," ","6",0,"P"," ","6",0,"P"," ","6",0,"P"," ","6",0,"P"," ","6",0,"P"," ","6",135," "," ","6",48," "," ","6",0,"P"," ","6",0,"P"," ","6",0,"P"," ","6",0,"P"," ","6",0,"P"," ","6",0,"P"," ","6",28," "," ","6",0,"P"," ","6",0,"P"," ","6",0,"P"," ","6",0,"P"," ","6",0,"P"," ","6",0,"P"," ","6",0,"P"," ","6",0,"P"," ","6",0,"P"," ","6",0,"P"," ","6",0,"P"," ","6",0,"P"," ","6"
"824","USC00397227",1931,2,"PRCP",0,"P"," ","6",0,"P"," ","6",0,"P"," ","6",0,"P"," ","6",0,"P"," ","6",0,"P"," ","6",0,"P"," ","6",0,"P"," ","6",0,"P"," ","6",0,"P"," ","6",0,"P"," ","6",0,"T"," ","6",0,"P"," ","6",0,"P"," ","6",0,"P"," ","6",5," "," ","6",23," "," ","6",0,"P"," ","6",0,"P"," ","6",0,"P"," ","6",79," "," ","6",0,"P"," ","6",0,"P"," ","6",0,"P"," ","6",0,"P"," ","6",0,"P"," ","6",3," "," ","6",28," "," ","6",NA," "," "," ",NA," "," "," ",NA," "," "," "
"827","USC00397227",1931,3,"PRCP",0,"P"," ","6",0,"P"," ","6",10," "," ","6",28," "," ","6",25," "," ","6",15," "," ","6",28," "," ","6",0,"P"," ","6",0,"P"," ","6",0,"P"," ","6",0,"P"," ","6",0,"P"," ","6",0,"P"," ","6",0,"P"," ","6",0,"P"," ","6",0,"P"," ","6",0,"P"," ","6",0,"P"," ","6",10," "," ","6",3," "," ","6",0,"P"," ","6",3," "," ","6",89," "," ","6",10," "," ","6",0,"P"," ","6",53," "," ","6",23," "," ","6",0,"P"," ","6",5," "," ","6",3," "," ","6",0,"P"," ","6"
"830","USC00397227",1931,4,"PRCP",84," "," ","6",25," "," ","6",81," "," ","6",NA," "," "," ",NA," "," "," ",NA," "," "," ",NA," "," "," ",NA," "," "," ",NA," "," "," ",NA," "," "," ",NA," "," "," ",NA," "," "," ",NA," "," "," ",NA," "," "," ",0,"T"," ","6",NA," "," "," ",NA," "," "," ",NA," "," "," ",NA," "," "," ",15," "," ","6",20," "," ","6",28," "," ","6",NA," "," "," ",NA," "," "," ",NA," "," "," ",NA," "," "," ",NA," "," "," ",NA," "," "," ",NA," "," "," ",38," "," ","6",NA," "," "," "
"833","USC00397227",1931,5,"PRCP",0,"P"," ","6",0,"P"," ","6",117," "," ","6",61," "," ","6",0,"P"," ","6",0,"P"," ","6",0,"T"," ","6",97," "," ","6",0,"P"," ","6",18," "," ","6",0,"P"," ","6",0,"P"," ","6",0,"P"," ","6",0,"P"," ","6",0,"P"," ","6",0,"P"," ","6",23," "," ","6",5," "," ","6",8," "," ","6",0,"P"," ","6",0,"P"," ","6",0,"P"," ","6",0,"P"," ","6",0,"P"," ","6",0,"P"," ","6",5," "," ","6",130," "," ","6",0,"P"," ","6",0,"P"," ","6",0,"P"," ","6",0,"P"," ","6"
"835","USC00397227",1931,6,"PRCP",15," "," ","6",0,"P"," ","6",0,"P"," ","6",89," "," ","6",5," "," ","6",0,"P"," ","6",0,"P"," ","6",0,"T"," ","6",5," "," ","6",48," "," ","6",20," "," ","6",15," "," ","6",5," "," ","6",15," "," ","6",0,"P"," ","6",0,"P"," ","6",0,"P"," ","6",0,"P"," ","6",0,"P"," ","6",0,"P"," ","6",0,"P"," ","6",0,"P"," ","6",0,"P"," ","6",0,"P"," ","6",0,"P"," ","6",0,"P"," ","6",0,"P"," ","6",3," "," ","6",53," "," ","6",25," "," ","6",NA," "," "," "
"836","USC00397227",1931,7,"PRCP",0,"P"," ","6",155," "," ","6",198," "," ","6",0,"P"," ","6",0,"P"," ","6",0,"P"," ","6",0,"P"," ","6",0,"P"," ","6",0,"P"," ","6",0,"T"," ","6",0,"P"," ","6",18," "," ","6",0,"P"," ","6",0,"P"," ","6",0,"P"," ","6",0,"P"," ","6",0,"P"," ","6",0,"T"," ","6",0,"P"," ","6",0,"P"," ","6",20," "," ","6",0,"P"," ","6",0,"P"," ","6",0,"P"," ","6",0,"P"," ","6",0,"P"," ","6",8," "," ","6",0,"P"," ","6",51," "," ","6",8," "," ","6",56," "," ","6"
"838","USC00397227",1931,8,"PRCP",13," "," ","6",0,"P"," ","6",0,"P"," ","6",0,"P"," ","6",0,"P"," ","6",30," "," ","6",0,"P"," ","6",0,"P"," ","6",20," "," ","6",0,"P"," ","6",0,"P"," ","6",0,"P"," ","6",0,"P"," ","6",15," "," ","6",0,"T"," ","6",97," "," ","6",0,"P"," ","6",0,"P"," ","6",147," "," ","6",0,"P"," ","6",0,"P"," ","6",0,"P"," ","6",38," "," ","6",0,"T"," ","6",0,"P"," ","6",0,"P"," ","6",0,"P"," ","6",0,"P"," ","6",0,"P"," ","6",0,"P"," ","6",84," "," ","6"
"839","USC00397227",1931,9,"PRCP",0,"P"," ","6",23," "," ","6",0,"P"," ","6",0,"P"," ","6",0,"P"," ","6",0,"P"," ","6",0,"P"," ","6",0,"P"," ","6",0,"P"," ","6",0,"T"," ","6",0,"P"," ","6",0,"P"," ","6",0,"P"," ","6",0,"P"," ","6",0,"P"," ","6",0,"T"," ","6",0,"P"," ","6",0,"P"," ","6",0,"T"," ","6",0,"P"," ","6",25," "," ","6",0,"T"," ","6",0,"P"," ","6",20," "," ","6",23," "," ","6",0,"P"," ","6",0,"P"," ","6",0,"P"," ","6",0,"P"," ","6",0,"P"," ","6",NA," "," "," "
"840","USC00397227",1931,10,"PRCP",0,"P"," ","6",0,"P"," ","6",0,"P"," ","6",0,"P"," ","6",0,"P"," ","6",38," "," ","6",41," "," ","6",0,"P"," ","6",0,"P"," ","6",0,"P"," ","6",20," "," ","6",10," "," ","6",0,"P"," ","6",0,"P"," ","6",0,"P"," ","6",0,"P"," ","6",0,"P"," ","6",0,"P"," ","6",0,"P"," ","6",0,"P"," ","6",147," "," ","6",0,"P"," ","6",0,"P"," ","6",0,"P"," ","6",0,"P"," ","6",5," "," ","6",53," "," ","6",0,"T"," ","6",0,"P"," ","6",61," "," ","6",0,"P"," ","6"
"842","USC00397227",1931,11,"PRCP",0,"P"," ","6",0,"P"," ","6",0,"P"," ","6",0,"P"," ","6",0,"P"," ","6",0,"P"," ","6",0,"P"," ","6",0,"P"," ","6",66," "," ","6",0,"P"," ","6",15," "," ","6",0,"P"," ","6",0,"P"," ","6",0,"P"," ","6",0,"P"," ","6",0,"P"," ","6",0,"P"," ","6",0,"P"," ","6",0,"P"," ","6",0,"P"," ","6",38," "," ","6",89," "," ","6",180," "," ","6",53," "," ","6",3," "," ","6",0,"P"," ","6",0,"P"," ","6",0,"P"," ","6",0,"P"," ","6",0,"P"," ","6",NA," "," "," "
"845","USC00397227",1931,12,"PRCP",0,"P"," ","6",0,"P"," ","6",0,"P"," ","6",0,"P"," ","6",36," "," ","6",0,"P"," ","6",0,"P"," ","6",0,"P"," ","6",0,"P"," ","6",0,"P"," ","6",0,"P"," ","6",3," "," ","6",0,"P"," ","6",0,"P"," ","6",0,"P"," ","6",0,"P"," ","6",0,"P"," ","6",0,"P"," ","6",0,"P"," ","6",0,"P"," ","6",0,"P"," ","6",0,"P"," ","6",0,"P"," ","6",0,"P"," ","6",0,"P"," ","6",0,"P"," ","6",0,"P"," ","6",0,"P"," ","6",0,"P"," ","6",36," "," ","6",20," "," ","6"
"848","USC00397227",1932,1,"PRCP",0,"P"," ","6",0,"P"," ","6",0,"P"," ","6",0,"P"," ","6",0,"P"," ","6",79," "," ","6",18," "," ","6",36," "," ","6",0,"P"," ","6",15," "," ","6",0,"P"," ","6",81," "," ","6",20," "," ","6",0,"P"," ","6",0,"P"," ","6",0,"P"," ","6",0,"P"," ","6",0,"P"," ","6",0,"P"," ","6",36," "," ","6",0,"P"," ","6",15," "," ","6",0,"P"," ","6",0,"P"," ","6",0,"P"," ","6",0,"P"," ","6",0,"P"," ","6",23," "," ","6",25," "," ","6",25," "," ","6",0,"P"," ","6"
"851","USC00397227",1932,2,"PRCP",0,"P"," ","6",0,"P"," ","6",0,"P"," ","6",0,"P"," ","6",0,"P"," ","6",0,"P"," ","6",0,"P"," ","6",0,"P"," ","6",0,"P"," ","6",0,"P"," ","6",38," "," ","6",0,"P"," ","6",3," "," ","6",0,"P"," ","6",0,"P"," ","6",0,"P"," ","6",0,"P"," ","6",0,"P"," ","6",0,"P"," ","6",0,"P"," ","6",0,"P"," ","6",0,"P"," ","6",0,"P"," ","6",0,"P"," ","6",0,"P"," ","6",0,"P"," ","6",0,"P"," ","6",0,"P"," ","6",0,"P"," ","6",NA," "," "," ",NA," "," "," "
"853","USC00397227",1932,3,"PRCP",0,"T"," ","6",0,"P"," ","6",18," "," ","6",8," "," ","6",10," "," ","6",25," "," ","6",0,"P"," ","6",0,"P"," ","6",0,"P"," ","6",0,"P"," ","6",0,"P"," ","6",0,"P"," ","6",0,"P"," ","6",0,"P"," ","6",0,"P"," ","6",0,"P"," ","6",0,"T"," ","6",5," "," ","6",18," "," ","6",0,"P"," ","6",0,"P"," ","6",53," "," ","6",0,"T"," ","6",0,"P"," ","6",43," "," ","6",25," "," ","6",0,"T"," ","6",0,"P"," ","6",3," "," ","6",0,"T"," ","6",8," "," ","6"
"856","USC00397227",1932,4,"PRCP",0,"P"," ","6",0,"P"," ","6",0,"T"," ","6",94," "," ","6",0,"P"," ","6",0,"T"," ","6",0,"P"," ","6",0,"P"," ","6",89," "," ","6",0,"P"," ","6",0,"P"," ","6",0,"P"," ","6",0,"P"," ","6",0,"P"," ","6",0,"P"," ","6",0,"P"," ","6",0,"P"," ","6",170," "," ","6",0,"P"," ","6",0,"P"," ","6",5," "," ","6",102," "," ","6",457," "," ","6",373," "," ","6",8," "," ","6",5," "," ","6",0,"P"," ","6",89," "," ","6",8," "," ","6",0,"T"," ","6",NA," "," "," "
"859","USC00397227",1932,5,"PRCP",0,"P"," ","6",18," "," ","6",94," "," ","6",0,"P"," ","6",117," "," ","6",58," "," ","6",0,"P"," ","6",0,"P"," ","6",0,"P"," ","6",0,"P"," ","6",28," "," ","6",0,"P"," ","6",0,"P"," ","6",0,"P"," ","6",79," "," ","6",0,"P"," ","6",0,"P"," ","6",0,"P"," ","6",89," "," ","6",69," "," ","6",0,"P"," ","6",0,"P"," ","6",185," "," ","6",0,"P"," ","6",89," "," ","6",23," "," ","6",25," "," ","6",0,"P"," ","6",0,"P"," ","6",0,"T"," ","6",74," "," ","6"
"861","USC00397227",1932,6,"PRCP",10," "," ","6",0,"P"," ","6",0,"P"," ","6",0,"P"," ","6",0,"P"," ","6",28," "," ","6",104," "," ","6",0,"P"," ","6",71," "," ","6",69," "," ","6",0,"T"," ","6",38," "," ","6",0,"T"," ","6",0,"P"," ","6",5," "," ","6",0,"T"," ","6",0,"P"," ","6",0,"P"," ","6",0,"P"," ","6",38," "," ","6",0,"P"," ","6",0,"P"," ","6",0,"P"," ","6",0,"P"," ","6",0,"P"," ","6",46," "," ","6",13," "," ","6",0,"P"," ","6",0,"P"," ","6",0,"P"," ","6",NA," "," "," "
"862","USC00397227",1932,7,"PRCP",0,"P"," ","6",102," "," ","6",41," "," ","6",257," "," ","6",0,"P"," ","6",0,"P"," ","6",0,"P"," ","6",0,"P"," ","6",0,"P"," ","6",0,"P"," ","6",5," "," ","6",84," "," ","6",8," "," ","6",0,"P"," ","6",0,"P"," ","6",0,"P"," ","6",0,"P"," ","6",0,"P"," ","6",13," "," ","6",8," "," ","6",0,"P"," ","6",0,"P"," ","6",0,"T"," ","6",91," "," ","6",0,"P"," ","6",41," "," ","6",0,"P"," ","6",5," "," ","6",86," "," ","6",5," "," ","6",76," "," ","6"
"863","USC00397227",1932,8,"PRCP",0,"P"," ","6",0,"P"," ","6",0,"P"," ","6",0,"P"," ","6",0,"P"," ","6",0,"P"," ","6",0,"P"," ","6",0,"P"," ","6",0,"P"," ","6",15," "," ","6",102," "," ","6",0,"T"," ","6",0,"P"," ","6",0,"P"," ","6",157," "," ","6",254," "," ","6",0,"P"," ","6",51," "," ","6",241," "," ","6",5," "," ","6",0,"P"," ","6",0,"P"," ","6",0,"P"," ","6",0,"P"," ","6",0,"P"," ","6",0,"P"," ","6",18," "," ","6",0,"P"," ","6",0,"P"," ","6",8," "," ","6",0,"P"," ","6"
"864","USC00397227",1932,9,"PRCP",0,"P"," ","6",0,"P"," ","6",10," "," ","6",0,"P"," ","6",0,"P"," ","6",0,"P"," ","6",0,"P"," ","6",0,"P"," ","6",0,"P"," ","6",56," "," ","6",18," "," ","6",0,"P"," ","6",0,"P"," ","6",0,"P"," ","6",0,"P"," ","6",0,"P"," ","6",0,"P"," ","6",0,"P"," ","6",0,"P"," ","6",0,"P"," ","6",0,"P"," ","6",0,"P"," ","6",38," "," ","6",25," "," ","6",89," "," ","6",0,"P"," ","6",0,"P"," ","6",0,"P"," ","6",0,"P"," ","6",0,"P"," ","6",NA," "," "," "
"865","USC00397227",1932,10,"PRCP",0,"P"," ","6",0,"P"," ","6",76," "," ","6",56," "," ","6",0,"P"," ","6",0,"P"," ","6",5," "," ","6",104," "," ","6",94," "," ","6",0,"P"," ","6",0,"P"," ","6",0,"P"," ","6",0,"P"," ","6",0,"P"," ","6",0,"P"," ","6",0,"P"," ","6",0,"P"," ","6",0,"P"," ","6",196," "," ","6",0,"P"," ","6",0,"P"," ","6",0,"P"," ","6",0,"P"," ","6",0,"P"," ","6",0,"P"," ","6",13," "," ","6",5," "," ","6",18," "," ","6",0,"T"," ","6",272," "," ","6",0,"P"," ","6"
"868","USC00397227",1932,11,"PRCP",0,"P"," ","6",0,"P"," ","6",0,"P"," ","6",0,"P"," ","6",0,"P"," ","6",0,"P"," ","6",0,"P"," ","6",0,"P"," ","6",0,"P"," ","6",0,"T"," ","6",23," "," ","6",0,"P"," ","6",0,"P"," ","6",15," "," ","6",0,"P"," ","6",0,"P"," ","6",8," "," ","6",10," "," ","6",0,"P"," ","6",20," "," ","6",0,"P"," ","6",0,"P"," ","6",0,"P"," ","6",0,"P"," ","6",0,"P"," ","6",0,"P"," ","6",0,"P"," ","6",0,"P"," ","6",0,"P"," ","6",0,"P"," ","6",NA," "," "," "
"871","USC00397227",1932,12,"PRCP",0,"P"," ","6",0,"P"," ","6",3," "," ","6",0,"P"," ","6",43," "," ","6",8," "," ","6",13," "," ","6",3," "," ","6",13," "," ","6",13," "," ","6",3," "," ","6",0,"T"," ","6",3," "," ","6",0,"P"," ","6",0,"P"," ","6",0,"P"," ","6",0,"P"," ","6",0,"P"," ","6",0,"P"," ","6",0,"P"," ","6",0,"P"," ","6",0,"P"," ","6",0,"P"," ","6",5," "," ","6",0,"P"," ","6",0,"P"," ","6",0,"T"," ","6",5," "," ","6",0,"P"," ","6",0,"P"," ","6",0,"P"," ","6"
"874","USC00397227",1933,1,"PRCP",0,"P"," ","6",0,"P"," ","6",0,"P"," ","6",0,"P"," ","6",28," "," ","6",0,"T"," ","6",0,"P"," ","6",28," "," ","6",0,"P"," ","6",36," "," ","6",0,"T"," ","6",13," "," ","6",38," "," ","6",0,"P"," ","6",0,"P"," ","6",5," "," ","6",0,"P"," ","6",13," "," ","6",10," "," ","6",0,"P"," ","6",0,"P"," ","6",0,"P"," ","6",0,"T"," ","6",0,"P"," ","6",0,"P"," ","6",5," "," ","6",0,"P"," ","6",0,"P"," ","6",0,"P"," ","6",0,"P"," ","6",0,"P"," ","6"
"877","USC00397227",1933,2,"PRCP",3," "," ","6",3," "," ","6",8," "," ","6",51," "," ","6",0,"P"," ","6",56," "," ","6",0,"P"," ","6",0,"P"," ","6",0,"P"," ","6",0,"P"," ","6",0,"P"," ","6",8," "," ","6",53," "," ","6",0,"P"," ","6",0,"P"," ","6",0,"P"," ","6",0,"T"," ","6",0,"P"," ","6",0,"T"," ","6",5," "," ","6",0,"P"," ","6",0,"T"," ","6",0,"P"," ","6",0,"P"," ","6",0,"P"," ","6",0,"P"," ","6",0,"P"," ","6",0,"P"," ","6",NA," "," "," ",NA," "," "," ",NA," "," "," "
"880","USC00397227",1933,3,"PRCP",0,"P"," ","6",0,"P"," ","6",0,"P"," ","6",185," "," ","6",20," "," ","6",0,"P"," ","6",0,"P"," ","6",15," "," ","6",0,"T"," ","6",0,"P"," ","6",0,"P"," ","6",0,"P"," ","6",5," "," ","6",0,"P"," ","6",0,"P"," ","6",0,"P"," ","6",0,"T"," ","6",25," "," ","6",8," "," ","6",0,"T"," ","6",0,"T"," ","6",41," "," ","6",18," "," ","6",0,"P"," ","6",0,"P"," ","6",0,"P"," ","6",53," "," ","6",0,"P"," ","6",0,"T"," ","6",0,"P"," ","6",0,"T"," ","6"
"883","USC00397227",1933,4,"PRCP",15," "," ","6",0,"T"," ","6",10," "," ","6",13," "," ","6",155," "," ","6",NA," "," "," ",NA," "," "," ",13," "," ","6",66," "," ","6",3," "," ","6",0,"T"," ","6",13," "," ","6",NA," "," "," ",NA," "," "," ",NA," "," "," ",NA," "," "," ",NA," "," "," ",0,"T"," ","6",104," "," ","6",213," "," ","6",94," "," ","6",13," "," ","6",NA," "," "," ",36," "," ","6",38," "," ","6",13," "," ","6",97," "," ","6",NA," "," "," ",53," "," ","6",152," "," ","6",NA," "," "," "
"886","USC00397227",1933,5,"PRCP",51," "," ","6",0,"P"," ","6",36," "," ","6",18," "," ","6",33," "," ","6",69," "," ","6",5," "," ","6",33," "," ","6",53," "," ","6",0,"T"," ","6",41," "," ","6",56," "," ","6",10," "," ","6",5," "," ","6",13," "," ","6",0,"P"," ","6",0,"P"," ","6",0,"P"," ","6",91," "," ","6",0,"P"," ","6",69," "," ","6",107," "," ","6",546," "," ","6",0,"P"," ","6",0,"P"," ","6",0,"P"," ","6",18," "," ","6",0,"P"," ","6",0,"P"," ","6",0,"P"," ","6",0,"P"," ","6"
"888","USC00397227",1933,6,"PRCP",13," "," ","6",13," "," ","6",13," "," ","6",0,"P"," ","6",0,"P"," ","6",13," "," ","6",0,"P"," ","6",0,"P"," ","6",0,"P"," ","6",3," "," ","6",127," "," ","6",5," "," ","6",0,"P"," ","6",0,"P"," ","6",0,"P"," ","6",0,"P"," ","6",0,"P"," ","6",0,"P"," ","6",0,"P"," ","6",0,"T"," ","6",0,"P"," ","6",91," "," ","6",0,"P"," ","6",272," "," ","6",0,"P"," ","6",0,"P"," ","6",0,"P"," ","6",0,"P"," ","6",0,"P"," ","6",0,"P"," ","6",NA," "," "," "
"890","USC00397227",1933,7,"PRCP",0,"P"," ","6",0,"P"," ","6",58," "," ","6",3," "," ","6",0,"P"," ","6",226," "," ","6",3," "," ","6",3," "," ","6",15," "," ","6",0,"P"," ","6",0,"P"," ","6",64," "," ","6",0,"P"," ","6",13," "," ","6",25," "," ","6",15," "," ","6",23," "," ","6",23," "," ","6",0,"P"," ","6",0,"P"," ","6",0,"P"," ","6",0,"P"," ","6",0,"P"," ","6",0,"P"," ","6",20," "," ","6",0,"P"," ","6",0,"P"," ","6",0,"P"," ","6",3," "," ","6",0,"P"," ","6",13," "," ","6"
"891","USC00397227",1933,8,"PRCP",5," "," ","6",0,"P"," ","6",0,"P"," ","6",0,"P"," ","6",0,"P"," ","6",0,"P"," ","6",0,"P"," ","6",33," "," ","6",0,"P"," ","6",13," "," ","6",0,"P"," ","6",0,"P"," ","6",0,"P"," ","6",0,"P"," ","6",0,"P"," ","6",0,"P"," ","6",0,"P"," ","6",0,"P"," ","6",0,"P"," ","6",91," "," ","6",124," "," ","6",3," "," ","6",185," "," ","6",0,"P"," ","6",0,"P"," ","6",0,"T"," ","6",279," "," ","6",284," "," ","6",0,"P"," ","6",0,"P"," ","6",0,"P"," ","6"
"892","USC00397227",1933,9,"PRCP",0,"P"," ","6",0,"P"," ","6",0,"P"," ","6",0,"P"," ","6",0,"P"," ","6",0,"P"," ","6",0,"P"," ","6",15," "," ","6",20," "," ","6",0,"T"," ","6",0,"T"," ","6",0,"P"," ","6",0,"P"," ","6",0,"P"," ","6",23," "," ","6",0,"P"," ","6",0,"P"," ","6",0,"P"," ","6",0,"P"," ","6",0,"P"," ","6",0,"P"," ","6",0,"P"," ","6",0,"P"," ","6",0,"P"," ","6",13," "," ","6",0,"P"," ","6",0,"P"," ","6",0,"P"," ","6",0,"P"," ","6",0,"P"," ","6",NA," "," "," "
"893","USC00397227",1933,10,"PRCP",0,"P"," ","6",0,"P"," ","6",0,"P"," ","6",0,"P"," ","6",0,"P"," ","6",0,"P"," ","6",0,"P"," ","6",0,"P"," ","6",0,"P"," ","6",0,"P"," ","6",0,"P"," ","6",0,"P"," ","6",0,"P"," ","6",0,"P"," ","6",10," "," ","6",0,"P"," ","6",30," "," ","6",0,"P"," ","6",0,"P"," ","6",0,"P"," ","6",0,"P"," ","6",0,"P"," ","6",0,"P"," ","6",0,"P"," ","6",0,"P"," ","6",0,"P"," ","6",0,"P"," ","6",0,"P"," ","6",0,"P"," ","6",0,"P"," ","6",0,"P"," ","6"
"896","USC00397227",1933,11,"PRCP",0,"P"," ","6",0,"P"," ","6",0,"P"," ","6",28," "," ","6",0,"T"," ","6",8," "," ","6",0,"P"," ","6",0,"T"," ","6",0,"P"," ","6",0,"P"," ","6",0,"P"," ","6",0,"P"," ","6",0,"P"," ","6",0,"P"," ","6",0,"P"," ","6",0,"P"," ","6",0,"P"," ","6",0,"P"," ","6",0,"P"," ","6",0,"P"," ","6",0,"P"," ","6",10," "," ","6",89," "," ","6",0,"P"," ","6",0,"P"," ","6",0,"P"," ","6",0,"P"," ","6",0,"P"," ","6",0,"P"," ","6",0,"P"," ","6",NA," "," "," "
"899","USC00397227",1933,12,"PRCP",0,"P"," ","6",0,"P"," ","6",0,"P"," ","6",0,"P"," ","6",18," "," ","6",0,"P"," ","6",5," "," ","6",0,"P"," ","6",0,"P"," ","6",20," "," ","6",0,"P"," ","6",0,"P"," ","6",0,"P"," ","6",0,"P"," ","6",13," "," ","6",0,"P"," ","6",0,"P"," ","6",0,"P"," ","6",0,"P"," ","6",0,"P"," ","6",0,"P"," ","6",0,"P"," ","6",18," "," ","6",0,"P"," ","6",13," "," ","6",0,"P"," ","6",0,"P"," ","6",0,"P"," ","6",0,"P"," ","6",0,"P"," ","6",0,"P"," ","6"
"902","USC00397227",1934,1,"PRCP",0,"P"," ","6",0,"P"," ","6",0,"P"," ","6",25," "," ","6",0,"P"," ","6",30," "," ","6",0,"P"," ","6",0,"P"," ","6",0,"P"," ","6",0,"P"," ","6",0,"P"," ","6",20," "," ","6",0,"P"," ","6",0,"P"," ","6",0,"P"," ","6",0,"P"," ","6",0,"P"," ","6",0,"P"," ","6",0,"P"," ","6",0,"P"," ","6",0,"P"," ","6",8," "," ","6",0,"P"," ","6",15," "," ","6",0,"P"," ","6",0,"P"," ","6",0,"P"," ","6",0,"T"," ","6",0,"P","I","6",0,"P"," ","6",0,"P"," ","6"
"905","USC00397227",1934,2,"PRCP",0,"P"," ","6",0,"P"," ","6",0,"P"," ","6",0,"P"," ","6",0,"P"," ","6",0,"P"," ","6",0,"P"," ","6",0,"P"," ","6",0,"P"," ","6",0,"P"," ","6",0,"P"," ","6",0,"P"," ","6",0,"P"," ","6",0,"P"," ","6",0,"P"," ","6",0,"P"," ","6",0,"T"," ","6",0,"P"," ","6",0,"P"," ","6",28," "," ","6",25," "," ","6",0,"P"," ","6",0,"P"," ","6",18," "," ","6",15," "," ","6",0,"P"," ","6",0,"P"," ","6",0,"P"," ","6",NA," "," "," ",NA," "," "," ",NA," "," "," "
"908","USC00397227",1934,3,"PRCP",10," "," ","6",0,"P"," ","6",41," "," ","6",8," "," ","6",0,"T"," ","6",10," "," ","6",0,"P"," ","6",0,"P"," ","6",8," "," ","6",0,"P"," ","6",0,"P"," ","6",0,"P"," ","6",0,"T"," ","6",0,"P"," ","6",0,"P"," ","6",15," "," ","6",0,"P"," ","6",0,"P"," ","6",0,"P"," ","6",0,"P"," ","6",36," "," ","6",41," "," ","6",0,"P"," ","6",0,"P"," ","6",0,"P"," ","6",0,"P"," ","6",0,"P"," ","6",20," "," ","6",0,"P"," ","6",0,"P"," ","6",0,"T"," ","6"
"911","USC00397227",1934,4,"PRCP",0,"P"," ","6",15," "," ","6",97," "," ","6",122," "," ","6",0,"T"," ","6",0,"P"," ","6",0,"P"," ","6",0,"P"," ","6",0,"P"," ","6",0,"P"," ","6",0,"P"," ","6",0,"P"," ","6",0,"P"," ","6",0,"P"," ","6",0,"P"," ","6",0,"P"," ","6",0,"P"," ","6",0,"P"," ","6",0,"P"," ","6",0,"P"," ","6",0,"P"," ","6",0,"P"," ","6",0,"P"," ","6",0,"P"," ","6",0,"P"," ","6",0,"P"," ","6",0,"P"," ","6",0,"P"," ","6",0,"P"," ","6",0,"P"," ","6",NA," "," "," "
"914","USC00397227",1934,5,"PRCP",0," "," ","6",15," "," ","6",0,"T"," ","6",0,"P"," ","6",0,"P"," ","6",0,"P"," ","6",20," "," ","6",0,"P"," ","6",0,"P"," ","6",0,"P"," ","6",0,"P"," ","6",0,"P"," ","6",0,"P"," ","6",0,"P"," ","6",0,"P"," ","6",0,"P"," ","6",0,"P"," ","6",0,"P"," ","6",10," "," ","6",0,"P"," ","6",36," "," ","6",0,"P"," ","6",0,"P"," ","6",0,"P"," ","6",0,"T"," ","6",0,"P"," ","6",0,"T"," ","6",0,"P"," ","6",0,"P"," ","6",0,"P"," ","6",10," "," ","6"
"915","USC00397227",1934,6,"PRCP",193," "," ","6",15," "," ","6",58," "," ","6",117," "," ","6",0,"P"," ","6",10," "," ","6",155," "," ","6",0,"P"," ","6",10," "," ","6",0,"P"," ","6",0,"P"," ","6",28," "," ","6",53," "," ","6",13," "," ","6",0,"P"," ","6",147," "," ","6",0,"P"," ","6",0,"P"," ","6",48," "," ","6",25," "," ","6",5," "," ","6",0,"P"," ","6",0,"P"," ","6",0,"P"," ","6",226," "," ","6",0,"P"," ","6",0,"P"," ","6",0,"P"," ","6",114," "," ","6",25," "," ","6",NA," "," "," "
"916","USC00397227",1934,7,"PRCP",0,"P"," ","6",0,"P"," ","6",0,"P"," ","6",0,"P"," ","6",58," "," ","6",0,"P"," ","6",0,"T"," ","6",0,"T"," ","6",0,"P"," ","6",0,"P"," ","6",0,"P"," ","6",0,"P"," ","6",0,"P"," ","6",0,"P"," ","6",0,"P"," ","6",0,"P"," ","6",0,"T"," ","6",0,"P"," ","6",3," "," ","6",0,"T"," ","6",0,"P"," ","6",64," "," ","6",0,"P"," ","6",28," "," ","6",0,"P"," ","6",33," "," ","6",0,"P"," ","6",0,"P"," ","6",0,"P"," ","6",0,"P"," ","6",0,"P"," ","6"
"917","USC00397227",1934,8,"PRCP",0,"P"," ","6",0,"P"," ","6",0,"P"," ","6",0,"P"," ","6",0,"P"," ","6",0,"T"," ","6",41," "," ","6",0,"P"," ","6",43," "," ","6",69," "," ","6",0,"P"," ","6",0,"P"," ","6",0,"P"," ","6",0,"P"," ","6",48," "," ","6",30," "," ","6",0,"P"," ","6",0,"P"," ","6",0,"P"," ","6",0,"P"," ","6",0,"P"," ","6",36," "," ","6",0,"P"," ","6",0,"P"," ","6",0,"P"," ","6",0,"P"," ","6",0,"P"," ","6",0,"P"," ","6",0,"T"," ","6",20," "," ","6",0,"P"," ","6"
"918","USC00397227",1934,9,"PRCP",0,"P"," ","6",13," "," ","6",0,"P"," ","6",0,"P"," ","6",0,"P"," ","6",0,"P"," ","6",0,"P"," ","6",122," "," ","6",0,"P"," ","6",0,"P"," ","6",0,"P"," ","6",0,"P"," ","6",0,"P"," ","6",36," "," ","6",0,"P"," ","6",0,"P"," ","6",0,"P"," ","6",0,"P"," ","6",0,"P"," ","6",51," "," ","6",0,"P"," ","6",0,"P"," ","6",0,"P"," ","6",0,"P"," ","6",43," "," ","6",0,"P"," ","6",0,"P"," ","6",0,"P"," ","6",0,"T"," ","6",0,"P"," ","6",NA," "," "," "
"921","USC00397227",1934,10,"PRCP",0,"P"," ","6",0,"P"," ","6",0,"T"," ","6",0,"P"," ","6",0,"P"," ","6",0,"P"," ","6",0,"P"," ","6",0,"P"," ","6",0,"P"," ","6",0,"P"," ","6",0,"P"," ","6",0,"P"," ","6",0,"P"," ","6",0,"P"," ","6",0,"P"," ","6",246," "," ","6",0,"P"," ","6",0,"P"," ","6",0,"P"," ","6",150," "," ","6",0,"P"," ","6",0,"P"," ","6",0,"P"," ","6",0,"T"," ","6",0,"P"," ","6",0,"P"," ","6",0,"P"," ","6",0,"P"," ","6",0,"P"," ","6",0,"P"," ","6",0,"P"," ","6"
"923","USC00397227",1934,11,"PRCP",0,"P"," ","6",64," "," ","6",0,"P"," ","6",0,"T"," ","6",0,"P"," ","6",0,"P"," ","6",0,"P"," ","6",0,"P"," ","6",0,"P"," ","6",0,"P"," ","6",0,"P"," ","6",0,"P"," ","6",0,"P"," ","6",0,"P"," ","6",0,"P"," ","6",0,"P"," ","6",0,"P"," ","6",0,"P"," ","6",0,"P"," ","6",0,"P"," ","6",0,"T"," ","6",0,"P"," ","6",0,"P"," ","6",51," "," ","6",0,"P"," ","6",30," "," ","6",0,"P"," ","6",0,"P"," ","6",0,"P"," ","6",0,"P"," ","6",NA," "," "," "
"926","USC00397227",1934,12,"PRCP",0,"P"," ","6",28," "," ","6",8," "," ","6",0,"T"," ","6",0,"T"," ","6",79," "," ","6",0,"P"," ","6",0,"P"," ","6",0,"P"," ","6",0,"P"," ","6",0,"P"," ","6",0,"P"," ","6",0,"P"," ","6",0,"P"," ","6",0,"T"," ","6",0,"P"," ","6",0,"P"," ","6",0,"T"," ","6",0,"T"," ","6",36," "," ","6",18," "," ","6",38," "," ","6",0,"P"," ","6",0,"T"," ","6",0,"P"," ","6",0,"P"," ","6",0,"P"," ","6",0,"P"," ","6",0,"P"," ","6",0,"P"," ","6",5," "," ","6"
"929","USC00397227",1935,1,"PRCP",0,"P"," ","6",0,"P"," ","6",0,"P"," ","6",0,"P"," ","6",0,"P"," ","6",0,"P"," ","6",0,"P"," ","6",0,"P"," ","6",0,"P"," ","6",0,"T"," ","6",0,"P"," ","6",18," "," ","6",0,"T"," ","6",0,"P"," ","6",0,"P"," ","6",0,"P"," ","6",0,"P"," ","6",0,"P"," ","6",0,"T"," ","6",28," "," ","6",0,"T"," ","6",0,"P"," ","6",5," "," ","6",0,"P"," ","6",0,"P"," ","6",0,"P"," ","6",0,"P"," ","6",0,"P"," ","6",0,"P"," ","6",0,"P"," ","6",0,"P"," ","6"
"932","USC00397227",1935,2,"PRCP",0,"P"," ","6",0,"P"," ","6",0,"P"," ","6",0,"P"," ","6",0,"T"," ","6",0,"P"," ","6",61," "," ","6",0,"T"," ","6",0,"P"," ","6",0,"P"," ","6",0,"P"," ","6",0,"P"," ","6",0,"P"," ","6",0,"T"," ","6",20," "," ","6",0,"P"," ","6",0,"P"," ","6",0,"P"," ","6",0,"P"," ","6",0,"P"," ","6",46," "," ","6",0,"T"," ","6",0,"T"," ","6",30," "," ","6",0,"P"," ","6",0,"P"," ","6",0,"P"," ","6",0,"P"," ","6",NA," "," "," ",NA," "," "," ",NA," "," "," "
"935","USC00397227",1935,3,"PRCP",0,"P"," ","6",0,"P"," ","6",0,"P"," ","6",112," "," ","6",0,"T"," ","6",0,"T"," ","6",0," "," ","6",0,"T"," ","6",0,"P"," ","6",0,"P"," ","6",0,"T"," ","6",0,"P"," ","6",0,"P"," ","6",0,"P"," ","6",5," "," ","6",0,"P"," ","6",0,"T"," ","6",0,"T"," ","6",0,"P"," ","6",0,"P"," ","6",0,"P"," ","6",0,"P"," ","6",0,"P"," ","6",0,"P"," ","6",0,"P"," ","6",0,"T"," ","6",0,"P"," ","6",0,"P"," ","6",28," "," ","6",30," "," ","6",36," "," ","6"
"938","USC00397227",1935,4,"PRCP",43," "," ","6",30," "," ","6",0,"P"," ","6",36," "," ","6",8," "," ","6",0,"P"," ","6",0,"P"," ","6",0,"P"," ","6",23," "," ","6",56," "," ","6",0,"P"," ","6",0,"P"," ","6",0,"T"," ","6",0,"P"," ","6",0,"P"," ","6",0,"P"," ","6",0,"P"," ","6",0,"P"," ","6",0,"P"," ","6",0,"T"," ","6",0,"P"," ","6",0,"P"," ","6",0,"T"," ","6",152," "," ","6",23," "," ","6",0,"T"," ","6",0,"T"," ","6",20," "," ","6",0,"P"," ","6",0,"T"," ","6",NA," "," "," "
"941","USC00397227",1935,5,"PRCP",15," "," ","6",0,"P"," ","6",0,"P"," ","6",0,"P"," ","6",0,"T"," ","6",0,"T"," ","6",122," "," ","6",0,"P"," ","6",0,"P"," ","6",0,"P"," ","6",0,"P"," ","6",0,"P"," ","6",112," "," ","6",33," "," ","6",36," "," ","6",0,"P"," ","6",0,"T"," ","6",58," "," ","6",165," "," ","6",124," "," ","6",23," "," ","6",0,"P"," ","6",0,"P"," ","6",0,"P"," ","6",0,"P"," ","6",0," "," ","6",107," "," ","6",0,"T"," ","6",99," "," ","6",124," "," ","6",358," "," ","6"
"943","USC00397227",1935,6,"PRCP",0,"P"," ","6",0,"P"," ","6",0,"P"," ","6",0,"P"," ","6",0,"P"," ","6",0,"P"," ","6",0,"P"," ","6",0,"P"," ","6",0,"P"," ","6",373," "," ","6",0,"P"," ","6",0,"P"," ","6",0,"P"," ","6",36," "," ","6",0,"T"," ","6",335," "," ","6",157," "," ","6",0,"P"," ","6",0,"P"," ","6",46," "," ","6",0,"P"," ","6",0,"P"," ","6",0,"P"," ","6",257," "," ","6",0,"P"," ","6",0,"T"," ","6",0,"P"," ","6",0,"P"," ","6",0,"P"," ","6",0,"P"," ","6",NA," "," "," "
"946","USC00397227",1935,7,"PRCP",330," "," ","6",0,"P"," ","6",0,"T"," ","6",0,"P"," ","6",0,"P"," ","6",0,"P"," ","6",0,"T"," ","6",102," "," ","6",0,"P"," ","6",0,"P"," ","6",0,"P"," ","6",0,"P"," ","6",0,"P"," ","6",0,"P"," ","6",0,"P"," ","6",0,"P"," ","6",0,"T"," ","6",140," "," ","6",0,"P"," ","6",53," "," ","6",89," "," ","6",0,"P"," ","6",0,"P"," ","6",94," "," ","6",97," "," ","6",0,"P"," ","6",0,"P"," ","6",0,"P"," ","6",0,"P"," ","6",0,"P"," ","6",0,"P"," ","6"
"948","USC00397227",1935,8,"PRCP",198," "," ","6",33," "," ","6",0,"P"," ","6",0,"T"," ","6",0,"P"," ","6",0,"P"," ","6",0,"P"," ","6",0,"P"," ","6",0,"P"," ","6",0,"P"," ","6",0,"P"," ","6",0,"P"," ","6",0,"P"," ","6",0,"P"," ","6",0,"P"," ","6",61," "," ","6",0,"P"," ","6",0,"P"," ","6",0,"P"," ","6",0,"P"," ","6",0,"P"," ","6",0,"P"," ","6",0,"P"," ","6",0,"P"," ","6",0,"P"," ","6",0,"P"," ","6",0,"P"," ","6",0,"P"," ","6",0,"P"," ","6",0,"P"," ","6",0,"P"," ","6"
"950","USC00397227",1935,9,"PRCP",127," "," ","6",0,"P"," ","6",0,"P"," ","6",0,"P"," ","6",0,"P"," ","6",0,"P"," ","6",0,"P"," ","6",0,"P"," ","6",0,"P"," ","6",0,"P"," ","6",0,"P"," ","6",0,"P"," ","6",0,"P"," ","6",0,"P"," ","6",0,"P"," ","6",0,"P"," ","6",0,"P"," ","6",0,"P"," ","6",0,"P"," ","6",0,"P"," ","6",0,"P"," ","6",0,"P"," ","6",0,"P"," ","6",0,"P"," ","6",0,"P"," ","6",0,"T"," ","6",51," "," ","6",0,"P"," ","6",0,"P"," ","6",0,"P"," ","6",NA," "," "," "
"953","USC00397227",1935,10,"PRCP",0,"P"," ","6",0,"P"," ","6",0,"P"," ","6",0,"P"," ","6",0,"P"," ","6",0,"P"," ","6",0,"P"," ","6",0,"P"," ","6",0,"T"," ","6",0,"P"," ","6",0,"P"," ","6",0,"P"," ","6",0,"P"," ","6",0,"P"," ","6",0,"P"," ","6",0,"P"," ","6",0,"P"," ","6",0,"P"," ","6",0,"P"," ","6",0,"P"," ","6",33," "," ","6",13," "," ","6",0,"P"," ","6",0,"P"," ","6",0,"P"," ","6",0,"P"," ","6",0,"P"," ","6",0,"P"," ","6",0,"P"," ","6",0,"P"," ","6",51," "," ","6"
"956","USC00397227",1935,11,"PRCP",0,"T"," ","6",13," "," ","6",15," "," ","6",0,"P"," ","6",0,"P"," ","6",0,"P"," ","6",0,"P"," ","6",0,"P"," ","6",0,"P"," ","6",30," "," ","6",0,"P"," ","6",0,"P"," ","6",0,"P"," ","6",0,"P"," ","6",0,"P"," ","6",0,"P"," ","6",0,"P"," ","6",0,"P"," ","6",0,"P"," ","6",0,"P"," ","6",28," "," ","6",0,"P"," ","6",0,"P"," ","6",0,"P"," ","6",0,"P"," ","6",0,"P"," ","6",48," "," ","6",30," "," ","6",0,"P"," ","6",0,"P"," ","6",NA," "," "," "
"959","USC00397227",1935,12,"PRCP",0,"P"," ","6",0,"P"," ","6",0,"P"," ","6",0,"P"," ","6",0,"P"," ","6",0,"P"," ","6",0,"P"," ","6",0,"P"," ","6",0,"T"," ","6",0,"P"," ","6",0,"P"," ","6",0,"P"," ","6",0,"T"," ","6",51," "," ","6",0,"P"," ","6",0,"P"," ","6",0,"P"," ","6",0,"P"," ","6",0,"P"," ","6",0,"P"," ","6",0,"T"," ","6",41," "," ","6",0,"T"," ","6",18," "," ","6",0,"P"," ","6",0,"T"," ","6",0,"P"," ","6",0,"P"," ","6",0,"P"," ","6",0,"P"," ","6",0,"P"," ","6"
"962","USC00397227",1936,1,"PRCP",0,"P"," ","6",0,"P"," ","6",0,"P"," ","6",0,"T"," ","6",0,"T"," ","6",43," "," ","6",0,"P"," ","6",0,"P"," ","6",0,"P"," ","6",0,"P"," ","6",0,"P"," ","6",0,"T"," ","6",0,"P"," ","6",0,"P"," ","6",0,"P"," ","6",38," "," ","6",23," "," ","6",0,"T"," ","6",0,"P"," ","6",0,"T"," ","6",0,"P"," ","6",46," "," ","6",0,"T"," ","6",43," "," ","6",0,"P"," ","6",0,"P"," ","6",0,"P"," ","6",0,"P"," ","6",0,"P"," ","6",0,"P"," ","6",0,"T"," ","6"
"965","USC00397227",1936,2,"PRCP",0,"P"," ","6",46," "," ","6",15," "," ","6",0,"P"," ","6",0,"P"," ","6",0,"P"," ","6",30," "," ","6",0,"P"," ","6",0,"P"," ","6",0,"P"," ","6",0,"T"," ","6",0,"T"," ","6",8," "," ","6",0,"P"," ","6",8," "," ","6",0,"P"," ","6",18," "," ","6",0,"P"," ","6",0,"P"," ","6",0,"P"," ","6",0,"P"," ","6",0,"P"," ","6",0,"P"," ","6",0,"P"," ","6",0,"P"," ","6",0,"P"," ","6",0,"P"," ","6",0,"P"," ","6",0,"P"," ","6",NA," "," "," ",NA," "," "," "
"968","USC00397227",1936,3,"PRCP",0,"P"," ","6",0,"P"," ","6",0,"P"," ","6",0,"T"," ","6",0,"P"," ","6",0,"P"," ","6",0,"P"," ","6",0,"P"," ","6",0,"P"," ","6",15," "," ","6",0,"P"," ","6",0,"P"," ","6",15," "," ","6",0,"P"," ","6",0,"T"," ","6",28," "," ","6",0,"P"," ","6",0,"P"," ","6",0,"P"," ","6",0,"P"," ","6",0,"P"," ","6",0,"P"," ","6",20," "," ","6",0,"P"," ","6",20," "," ","6",0,"P"," ","6",0,"T"," ","6",0,"P"," ","6",114," "," ","6",15," "," ","6",41," "," ","6"
"971","USC00397227",1936,4,"PRCP",18," "," ","6",0,"P"," ","6",0,"P"," ","6",13," "," ","6",33," "," ","6",0,"P"," ","6",0,"P"," ","6",64," "," ","6",0,"P"," ","6",0,"P"," ","6",0,"P"," ","6",0,"P"," ","6",0,"P"," ","6",0,"P"," ","6",0,"P"," ","6",0,"P"," ","6",0,"P"," ","6",0,"P"," ","6",0,"P"," ","6",0,"P"," ","6",0,"P"," ","6",0,"P"," ","6",0,"P"," ","6",0,"P"," ","6",0,"P"," ","6",0,"P"," ","6",119," "," ","6",0,"P"," ","6",51," "," ","6",173," "," ","6",NA," "," "," "
"974","USC00397227",1936,5,"PRCP",0,"P"," ","6",0,"P"," ","6",0,"P"," ","6",0,"P"," ","6",0,"P"," ","6",0,"P"," ","6",0,"P"," ","6",0,"P"," ","6",0,"P"," ","6",0,"P"," ","6",0,"P"," ","6",0,"P"," ","6",0,"P"," ","6",0,"P"," ","6",0,"P"," ","6",0,"P"," ","6",0,"P"," ","6",0,"P"," ","6",0,"P"," ","6",0,"P"," ","6",0,"P"," ","6",46," "," ","6",0,"P"," ","6",0,"P"," ","6",0,"P"," ","6",0,"P"," ","6",0,"P"," ","6",0,"T"," ","6",0,"P"," ","6",0,"P"," ","6",114," "," ","6"
"976","USC00397227",1936,6,"PRCP",236," "," ","6",8," "," ","6",0,"P"," ","6",18," "," ","6",38," "," ","6",15," "," ","6",0,"P"," ","6",0,"T"," ","6",165," "," ","6",0,"P"," ","6",0,"P"," ","6",0,"P"," ","6",0,"P"," ","6",0,"P"," ","6",0,"T"," ","6",0,"P"," ","6",0,"P"," ","6",0,"P"," ","6",0,"P"," ","6",0,"P"," ","6",0,"P"," ","6",0,"P"," ","6",0,"T"," ","6",0,"P"," ","6",0,"P"," ","6",41," "," ","6",0,"P"," ","6",0,"P"," ","6",0,"P"," ","6",0,"P"," ","6",NA," "," "," "
"978","USC00397227",1936,7,"PRCP",0,"P"," ","6",0,"P"," ","6",0,"P"," ","6",0,"P"," ","6",0,"P"," ","6",0,"P"," ","6",0,"P"," ","6",0,"P"," ","6",23," "," ","6",25," "," ","6",0,"P"," ","6",0,"T"," ","6",0,"P"," ","6",0,"P"," ","6",0,"P"," ","6",0,"P"," ","6",0,"T"," ","6",0,"P"," ","6",0,"P"," ","6",0,"P"," ","6",0,"P"," ","6",0,"P"," ","6",0,"P"," ","6",0,"P"," ","6",0,"T"," ","6",91," "," ","6",0,"P"," ","6",114," "," ","6",0,"P"," ","6",0,"T"," ","6",0,"P"," ","6"
"980","USC00397227",1936,8,"PRCP",66," "," ","6",94," "," ","6",0,"P"," ","6",43," "," ","6",0,"P"," ","6",0,"P"," ","6",0,"P"," ","6",0,"P"," ","6",0,"P"," ","6",0,"P"," ","6",0,"P"," ","6",0,"P"," ","6",119," "," ","6",0,"P"," ","6",0,"P"," ","6",0,"T"," ","6",0,"P"," ","6",28," "," ","6",0,"P"," ","6",0,"P"," ","6",28," "," ","6",0,"P"," ","6",0,"P"," ","6",0,"P"," ","6",0,"P"," ","6",0,"P"," ","6",38," "," ","6",0,"P"," ","6",0,"P"," ","6",0,"P"," ","6",0,"P"," ","6"
"982","USC00397227",1936,9,"PRCP",0,"P"," ","6",0,"P"," ","6",0,"P"," ","6",0,"P"," ","6",0,"P"," ","6",0,"P"," ","6",0,"P"," ","6",0,"P"," ","6",0,"P"," ","6",0,"P"," ","6",0,"P"," ","6",0,"P"," ","6",0,"P"," ","6",0,"P"," ","6",0,"P"," ","6",0,"P"," ","6",0,"P"," ","6",0,"P"," ","6",0,"P"," ","6",0,"P"," ","6",0,"P"," ","6",0,"P"," ","6",0,"P"," ","6",0,"P"," ","6",0,"T"," ","6",114," "," ","6",0,"P"," ","6",0,"P"," ","6",0,"P"," ","6",0,"P"," ","6",NA," "," "," "
"984","USC00397227",1936,10,"PRCP",0,"P"," ","6",0,"P"," ","6",0,"P"," ","6",0,"P"," ","6",25," "," ","6",0,"P"," ","6",0,"P"," ","6",0,"P"," ","6",0,"P"," ","6",0,"P"," ","6",0,"P"," ","6",0,"P"," ","6",0,"P"," ","6",0,"P"," ","6",0,"P"," ","6",0,"P"," ","6",0,"P"," ","6",0,"P"," ","6",0,"P"," ","6",147," "," ","6",33," "," ","6",0,"P"," ","6",0,"P"," ","6",0,"P"," ","6",0,"P"," ","6",0,"T"," ","6",0,"T"," ","6",0,"P"," ","6",0,"P"," ","6",0,"P"," ","6",0,"P"," ","6"
"987","USC00397227",1936,11,"PRCP",86," "," ","6",58," "," ","6",0,"P"," ","6",0,"P"," ","6",0,"P"," ","6",30," "," ","6",0,"P"," ","6",0,"P"," ","6",0,"P"," ","6",0,"P"," ","6",0,"P"," ","6",0,"P"," ","6",0,"P"," ","6",0,"P"," ","6",0,"P"," ","6",0,"P"," ","6",0,"P"," ","6",0,"T"," ","6",0,"P"," ","6",0,"P"," ","6",0,"P"," ","6",0,"T"," ","6",61," "," ","6",0,"P"," ","6",0,"P"," ","6",0,"P"," ","6",0,"P"," ","6",0,"P"," ","6",0,"P"," ","6",0,"P"," ","6",NA," "," "," "
"990","USC00397227",1936,12,"PRCP",0,"P"," ","6",0,"T"," ","6",0,"P"," ","6",0,"P"," ","6",0,"T"," ","6",0,"P"," ","6",0,"T"," ","6",0,"P"," ","6",0,"P"," ","6",0,"P"," ","6",0,"P"," ","6",0,"P"," ","6",0,"P"," ","6",0,"P"," ","6",0,"P"," ","6",0,"P"," ","6",0,"P"," ","6",15," "," ","6",0,"P"," ","6",0,"P"," ","6",0,"P"," ","6",0,"P"," ","6",0,"P"," ","6",0,"P"," ","6",0,"P"," ","6",0,"T"," ","6",0,"P"," ","6",0,"P"," ","6",8," "," ","6",0,"P"," ","6",0,"P"," ","6"
"993","USC00397227",1937,1,"PRCP",0,"P"," ","6",8," "," ","6",0,"T"," ","6",28," "," ","6",8," "," ","6",8," "," ","6",15," "," ","6",5," "," ","6",0,"P"," ","6",0,"P"," ","6",0,"P"," ","6",0,"P"," ","6",0,"P"," ","6",0,"P"," ","6",0,"P"," ","6",0,"P"," ","6",0,"P"," ","6",0,"P"," ","6",0,"P"," ","6",0,"P"," ","6",0,"P"," ","6",0,"P"," ","6",0,"P"," ","6",0,"P"," ","6",0,"P"," ","6",0,"P"," ","6",0,"P"," ","6",0,"P"," ","6",0,"P"," ","6",0,"P"," ","6",0,"P"," ","6"
"995","USC00397227",1937,2,"PRCP",0,"P"," ","6",0,"P"," ","6",0,"P"," ","6",0,"P"," ","6",0,"T"," ","6",0,"T"," ","6",53," "," ","6",0,"P"," ","6",0,"P"," ","6",0,"P"," ","6",0,"P"," ","6",0,"P"," ","6",25," "," ","6",0,"P"," ","6",0,"P"," ","6",0,"P"," ","6",0,"P"," ","6",0,"P"," ","6",0,"P"," ","6",0,"P"," ","6",0,"P"," ","6",0,"T"," ","6",0,"P"," ","6",0,"P"," ","6",0,"P"," ","6",0,"P"," ","6",0,"P"," ","6",0,"P"," ","6",NA," "," "," ",NA," "," "," ",NA," "," "," "
"998","USC00397227",1937,3,"PRCP",0,"P"," ","6",0,"P"," ","6",0,"P"," ","6",0,"P"," ","6",0,"P"," ","6",0,"P"," ","6",0,"P"," ","6",0,"P"," ","6",0,"P"," ","6",0,"P"," ","6",0,"P"," ","6",18," "," ","6",0,"P"," ","6",30," "," ","6",0,"P"," ","6",0,"P"," ","6",0,"P"," ","6",0,"P"," ","6",0,"P"," ","6",0,"P"," ","6",8," "," ","6",0,"P"," ","6",97," "," ","6",170," "," ","6",0,"P"," ","6",0,"P"," ","6",0,"P"," ","6",0,"P"," ","6",0,"P"," ","6",0,"P"," ","6",0,"P"," ","6"
"1001","USC00397227",1937,4,"PRCP",0,"P"," ","6",0,"P"," ","6",0,"T"," ","6",0,"T"," ","6",0,"P"," ","6",0,"P"," ","6",0,"P"," ","6",0,"P"," ","6",0,"P"," ","6",0,"P"," ","6",0,"P"," ","6",0,"T"," ","6",0,"P"," ","6",30," "," ","6",0,"P"," ","6",10," "," ","6",0,"P"," ","6",0,"P"," ","6",0,"P"," ","6",0,"T"," ","6",0,"P"," ","6",0,"T"," ","6",0,"P"," ","6",0,"P"," ","6",0,"P"," ","6",0,"P"," ","6",0,"P"," ","6",0,"T"," ","6",86," "," ","6",0,"P"," ","6",NA," "," "," "
"1003","USC00397227",1937,5,"PRCP",51," "," ","6",13," "," ","6",20," "," ","6",0,"P"," ","6",0,"P"," ","6",71," "," ","6",0,"P"," ","6",0,"P"," ","6",0,"P"," ","6",0,"T"," ","6",0,"P"," ","6",0,"P"," ","6",0,"P"," ","6",0,"P"," ","6",0,"P"," ","6",0,"T"," ","6",0,"T"," ","6",0,"P"," ","6",0,"P"," ","6",0,"T"," ","6",38," "," ","6",0,"P"," ","6",0,"P"," ","6",0,"P"," ","6",0,"P"," ","6",0,"P"," ","6",0,"P"," ","6",0,"T"," ","6",0,"P"," ","6",315," "," ","6",0,"P"," ","6"
"1004","USC00397227",1937,6,"PRCP",25," "," ","6",0,"P"," ","6",0,"P"," ","6",84," "," ","6",485," "," ","6",46," "," ","6",0,"P"," ","6",0,"P"," ","6",0,"P"," ","6",0,"P"," ","6",0,"P"," ","6",0,"P"," ","6",23," "," ","6",89," "," ","6",0,"P"," ","6",66," "," ","6",61," "," ","6",8," "," ","6",61," "," ","6",0,"P"," ","6",0,"P"," ","6",0,"P"," ","6",0,"P"," ","6",0,"P"," ","6",0,"P"," ","6",170," "," ","6",0,"P"," ","6",0,"P"," ","6",0,"P"," ","6",0,"P"," ","6",NA," "," "," "
"1007","USC00397227",1937,7,"PRCP",8," "," ","6",0,"P"," ","6",0,"P"," ","6",0,"P"," ","6",0,"P"," ","6",0,"P"," ","6",38," "," ","6",0,"P"," ","6",0,"P"," ","6",114," "," ","6",38," "," ","6",150," "," ","6",102," "," ","6",46," "," ","6",0,"P"," ","6",0,"P"," ","6",188," "," ","6",114," "," ","6",0,"P"," ","6",0,"P"," ","6",0,"P"," ","6",0,"P"," ","6",71," "," ","6",0,"P"," ","6",0,"P"," ","6",0,"P"," ","6",0,"P"," ","6",0,"P"," ","6",0,"T"," ","6",0,"P"," ","6",0,"P"," ","6"
"1009","USC00397227",1937,8,"PRCP",0,"P"," ","6",0,"P"," ","6",10," "," ","6",0,"P"," ","6",0,"P"," ","6",0,"P"," ","6",0,"P"," ","6",0,"T"," ","6",0,"P"," ","6",0,"P"," ","6",135," "," ","6",0,"P"," ","6",0,"P"," ","6",0,"P"," ","6",0,"P"," ","6",0,"P"," ","6",0,"P"," ","6",0,"P"," ","6",0,"P"," ","6",0,"P"," ","6",0,"P"," ","6",0,"P"," ","6",0,"P"," ","6",20," "," ","6",0,"P"," ","6",0,"P"," ","6",0,"P"," ","6",0,"P"," ","6",0,"P"," ","6",0,"P"," ","6",0,"P"," ","6"
"1011","USC00397227",1937,9,"PRCP",0,"P"," ","6",0,"P"," ","6",23," "," ","6",107," "," ","6",0,"P"," ","6",0,"P"," ","6",0,"P"," ","6",0,"P"," ","6",272," "," ","6",0,"P"," ","6",0,"P"," ","6",0,"P"," ","6",0,"P"," ","6",0,"P"," ","6",0,"P"," ","6",0,"P"," ","6",0,"P"," ","6",0,"P"," ","6",0,"P"," ","6",0,"P"," ","6",0,"P"," ","6",0,"P"," ","6",0,"P"," ","6",0,"P"," ","6",0,"P"," ","6",0,"P"," ","6",0,"P"," ","6",0,"P"," ","6",23," "," ","6",0,"P"," ","6",NA," "," "," "
"1013","USC00397227",1937,10,"PRCP",0,"P"," ","6",0,"P"," ","6",0,"P"," ","6",0,"P"," ","6",0,"P"," ","6",0,"P"," ","6",0,"P"," ","6",0,"P"," ","6",0,"P"," ","6",0,"P"," ","6",0,"P"," ","6",0,"P"," ","6",0,"P"," ","6",0,"P"," ","6",0,"P"," ","6",0,"P"," ","6",0,"P"," ","6",56," "," ","6",0,"P"," ","6",0,"T"," ","6",36," "," ","6",0,"P"," ","6",0,"P"," ","6",0,"P"," ","6",0,"P"," ","6",0,"P"," ","6",0,"P"," ","6",0,"P"," ","6",0,"T"," ","6",0,"T"," ","6",0,"P"," ","6"
"1015","USC00397227",1937,11,"PRCP",0,"P"," ","6",0,"P"," ","6",0,"P"," ","6",0,"P"," ","6",0,"P"," ","6",0,"P"," ","6",0,"P"," ","6",0,"P"," ","6",0,"P"," ","6",0,"P"," ","6",0,"P"," ","6",0,"P"," ","6",0,"P"," ","6",0,"P"," ","6",0,"P"," ","6",0,"T"," ","6",36," "," ","6",0,"P"," ","6",0,"P"," ","6",0,"P"," ","6",0,"P"," ","6",0,"P"," ","6",0,"P"," ","6",0,"P"," ","6",0,"P"," ","6",0,"P"," ","6",20," "," ","6",8," "," ","6",0,"T"," ","6",0,"T"," ","6",NA," "," "," "
"1018","USC00397227",1937,12,"PRCP",0,"P"," ","6",0,"P"," ","6",0,"T"," ","6",0,"P"," ","6",0,"P"," ","6",13," "," ","6",10," "," ","6",0,"P"," ","6",0,"P"," ","6",0,"P"," ","6",0,"P"," ","6",99," "," ","6",71," "," ","6",0,"P"," ","6",0,"P"," ","6",0,"P"," ","6",0,"P"," ","6",0,"T"," ","6",28," "," ","6",0,"P"," ","6",0,"P"," ","6",0,"P"," ","6",0,"P"," ","6",0,"P"," ","6",0,"P"," ","6",0,"P"," ","6",0,"P"," ","6",0,"P"," ","6",0,"P"," ","6",0,"P"," ","6",0,"T"," ","6"
"1021","USC00397227",1938,1,"PRCP",0,"P"," ","6",0,"P"," ","6",0,"P"," ","6",0,"P"," ","6",0,"P"," ","6",71," "," ","6",0,"P"," ","6",0,"P"," ","6",0,"P"," ","6",0,"T"," ","6",74," "," ","6",0,"P"," ","6",0,"P"," ","6",0,"P"," ","6",0,"P"," ","6",0,"P"," ","6",0,"P"," ","6",0,"T"," ","6",0,"P"," ","6",0,"P"," ","6",0,"P"," ","6",0,"P"," ","6",0,"P"," ","6",36," "," ","6",10," "," ","6",51," "," ","6",0,"P"," ","6",0,"P"," ","6",0,"P"," ","6",0,"P"," ","6",0,"P"," ","6"
"1024","USC00397227",1938,2,"PRCP",0,"P"," ","6",0,"P"," ","6",0,"P"," ","6",0,"P"," ","6",0,"P"," ","6",0,"P"," ","6",0,"P"," ","6",0,"P"," ","6",0,"P"," ","6",0,"P"," ","6",0,"P"," ","6",0,"P"," ","6",0,"P"," ","6",0,"P"," ","6",46," "," ","6",0,"P"," ","6",0,"P"," ","6",0,"P"," ","6",0,"P"," ","6",0,"P"," ","6",0,"P"," ","6",0,"P"," ","6",0,"P"," ","6",5," "," ","6",0,"P"," ","6",0,"P"," ","6",0,"P"," ","6",0,"P"," ","6",NA," "," "," ",NA," "," "," ",NA," "," "," "
"1027","USC00397227",1938,3,"PRCP",0,"P"," ","6",0,"P"," ","6",0,"T"," ","6",0,"P"," ","6",0,"P"," ","6",0,"P"," ","6",0,"P"," ","6",0,"P"," ","6",0,"P"," ","6",0,"T"," ","6",0,"P"," ","6",0,"P"," ","6",0,"P"," ","6",0,"P"," ","6",89," "," ","6",0,"P"," ","6",0,"P"," ","6",0,"P"," ","6",0,"P"," ","6",0,"P"," ","6",0,"P"," ","6",0,"P"," ","6",0,"P"," ","6",0,"P"," ","6",74," "," ","6",0,"P"," ","6",0,"P"," ","6",0,"P"," ","6",0,"T"," ","6",10," "," ","6",0,"P"," ","6"
"1030","USC00397227",1938,4,"PRCP",0,"T"," ","6",0,"P"," ","6",0,"P"," ","6",0,"P"," ","6",5," "," ","6",150," "," ","6",0,"P"," ","6",0,"P"," ","6",0,"P"," ","6",0,"P"," ","6",0,"P"," ","6",0,"P"," ","6",0,"P"," ","6",0,"P"," ","6",312," "," ","6",0,"P"," ","6",0,"P"," ","6",0,"P"," ","6",0,"P"," ","6",0,"P"," ","6",0,"P"," ","6",0,"P"," ","6",127," "," ","6",0,"P"," ","6",0,"P"," ","6",0,"P"," ","6",0,"P"," ","6",0,"P"," ","6",0,"P"," ","6",0,"P"," ","6",NA," "," "," "
"1033","USC00397227",1938,5,"PRCP",NA," "," "," ",38," "," ","6",142," "," ","6",NA," "," "," ",NA," "," "," ",147," "," ","6",NA," "," "," ",NA," "," "," ",NA," "," "," ",NA," "," "," ",64," "," ","6",NA," "," "," ",NA," "," "," ",NA," "," "," ",NA," "," "," ",43," "," ","6",56," "," ","6",NA," "," "," ",107," "," ","6",NA," "," "," ",NA," "," "," ",NA," "," "," ",38," "," ","6",51," "," ","6",NA," "," "," ",NA," "," "," ",66," "," ","6",NA," "," "," ",NA," "," "," ",58," "," ","6",99," "," ","6"
"1036","USC00397227",1938,6,"PRCP",10," "," ","6",0,"P"," ","6",8," "," ","6",0,"P"," ","6",0,"P"," ","6",0,"P"," ","6",0,"P"," ","6",0,"P"," ","6",0,"P"," ","6",0,"P"," ","6",25," "," ","6",0,"P"," ","6",0,"P"," ","6",23," "," ","6",0,"T"," ","6",0,"T"," ","6",0,"P"," ","6",38," "," ","6",51," "," ","6",0,"P"," ","6",0,"P"," ","6",0,"P"," ","6",20," "," ","6",10," "," ","6",46," "," ","6",0,"P"," ","6",30," "," ","6",0,"P"," ","6",13," "," ","6",0,"T"," ","6",NA," "," "," "
"1038","USC00397227",1938,7,"PRCP",0,"P"," ","6",0,"P"," ","6",0,"P"," ","6",0,"P"," ","6",51," "," ","6",8," "," ","6",64," "," ","6",0,"P"," ","6",0,"P"," ","6",0,"P"," ","6",0,"P"," ","6",0,"P"," ","6",0,"P"," ","6",0,"P"," ","6",23," "," ","6",208," "," ","6",0,"P"," ","6",0,"P"," ","6",69," "," ","6",0,"P"," ","6",0,"P"," ","6",0,"P"," ","6",10," "," ","6",0,"P"," ","6",15," "," ","6",0,"P"," ","6",163," "," ","6",0,"P"," ","6",0,"P"," ","6",0,"P"," ","6",0,"P"," ","6"
"1040","USC00397227",1938,8,"PRCP",0,"P"," ","6",0,"P"," ","6",0,"P"," ","6",0,"P"," ","6",0,"P"," ","6",0,"P"," ","6",0,"P"," ","6",0,"P"," ","6",0,"P"," ","6",0,"P"," ","6",0,"P"," ","6",0,"P"," ","6",0,"P"," ","6",0,"P"," ","6",0,"P"," ","6",0,"P"," ","6",0,"P"," ","6",0,"P"," ","6",0,"P"," ","6",0,"P"," ","6",0,"P"," ","6",0,"P"," ","6",0,"P"," ","6",0,"P"," ","6",53," "," ","6",10," "," ","6",0,"P"," ","6",0,"P"," ","6",0,"P"," ","6",0,"P"," ","6",0,"P"," ","6"
"1042","USC00397227",1938,9,"PRCP",38," "," ","6",0,"P"," ","6",0,"P"," ","6",0,"P"," ","6",0,"P"," ","6",0,"P"," ","6",10," "," ","6",0,"P"," ","6",0,"P"," ","6",0,"P"," ","6",0,"P"," ","6",0,"P"," ","6",142," "," ","6",0,"P"," ","6",0,"P"," ","6",0,"P"," ","6",0,"P"," ","6",0,"P"," ","6",0,"P"," ","6",0,"P"," ","6",0,"P"," ","6",0,"P"," ","6",0,"P"," ","6",0,"P"," ","6",0,"P"," ","6",0,"P"," ","6",0,"P"," ","6",0,"P"," ","6",0,"P"," ","6",0,"P"," ","6",NA," "," "," "
"1044","USC00397227",1938,10,"PRCP",0,"P"," ","6",0,"P"," ","6",0,"P"," ","6",0,"T"," ","6",0,"P"," ","6",64," "," ","6",10," "," ","6",0,"P"," ","6",0,"P"," ","6",0,"P"," ","6",0,"P"," ","6",0,"P"," ","6",0,"P"," ","6",0,"P"," ","6",0,"P"," ","6",0,"P"," ","6",25," "," ","6",0,"T"," ","6",0,"P"," ","6",0,"P"," ","6",0,"P"," ","6",0,"P"," ","6",0,"P"," ","6",0,"P"," ","6",0,"P"," ","6",0,"P"," ","6",0,"P"," ","6",0,"P"," ","6",0,"P"," ","6",0,"P"," ","6",0,"P"," ","6"
"1046","USC00397227",1938,11,"PRCP",0,"P"," ","6",0,"P"," ","6",0,"P"," ","6",76," "," ","6",10," "," ","6",0,"P"," ","6",0,"T"," ","6",0,"P"," ","6",0,"P"," ","6",0,"P"," ","6",41," "," ","6",0,"P"," ","6",0,"P"," ","6",0,"P"," ","6",0,"P"," ","6",0,"P"," ","6",10," "," ","6",0,"P"," ","6",0,"P"," ","6",0,"P"," ","6",0,"T"," ","6",0,"P"," ","6",0,"P"," ","6",0,"T"," ","6",33," "," ","6",0,"P"," ","6",0,"P"," ","6",0,"P"," ","6",0,"P"," ","6",0,"P"," ","6",NA," "," "," "
"1049","USC00397227",1938,12,"PRCP",0,"P"," ","6",0,"P"," ","6",0,"P"," ","6",74," "," ","6",0,"T"," ","6",0,"P"," ","6",20," "," ","6",0,"P"," ","6",0,"P"," ","6",38," "," ","6",NA," "," "," ",0,"P"," ","6",0,"P"," ","6",0,"P"," ","6",0,"P"," ","6",0,"P"," ","6",0,"P"," ","6",0,"P"," ","6",0,"P"," ","6",0,"P"," ","6",0,"P"," ","6",0,"T"," ","6",0,"P"," ","6",0,"P"," ","6",25," "," ","6",0,"P"," ","6",0,"P"," ","6",8," "," ","6",0,"P"," ","6",0,"P"," ","6",0,"P"," ","6"
"1052","USC00397227",1939,1,"PRCP",0,"P"," ","6",0,"P"," ","6",0,"P"," ","6",0,"P"," ","6",0,"P"," ","6",0,"P"," ","6",0,"P"," ","6",0,"P"," ","6",0,"P"," ","6",15," "," ","6",0,"P"," ","6",0,"P"," ","6",0,"P"," ","6",91," "," ","6",0,"P"," ","6",0,"T"," ","6",0,"T"," ","6",0,"P"," ","6",0,"P"," ","6",0,"P"," ","6",0,"P"," ","6",0,"P"," ","6",0,"T"," ","6",0,"P"," ","6",33," "," ","6",0,"P"," ","6",0,"P"," ","6",0,"P"," ","6",0,"P"," ","6",0,"P"," ","6",36," "," ","6"
"1055","USC00397227",1939,2,"PRCP",20," "," ","6",0,"P"," ","6",0,"P"," ","6",0,"P"," ","6",0,"P"," ","6",0,"P"," ","6",0,"T"," ","6",0,"T"," ","6",0,"P"," ","6",0,"P"," ","6",0,"P"," ","6",0,"P"," ","6",0,"P"," ","6",0,"P"," ","6",0,"P"," ","6",8," "," ","6",0,"P"," ","6",0,"P"," ","6",0,"P"," ","6",0,"T"," ","6",0,"P"," ","6",0,"P"," ","6",0,"P"," ","6",0,"P"," ","6",0,"P"," ","6",0,"P"," ","6",0,"T"," ","6",0,"P"," ","6",NA," "," "," ",NA," "," "," ",NA," "," "," "
"1058","USC00397227",1939,3,"PRCP",0,"P"," ","6",0,"P"," ","6",114," "," ","6",28," "," ","6",0,"P"," ","6",0,"P"," ","6",0,"P"," ","6",0,"P"," ","6",0,"P"," ","6",0,"P"," ","6",0,"P"," ","6",0,"P"," ","6",0,"P"," ","6",13," "," ","6",0,"T"," ","6",0,"P"," ","6",0,"P"," ","6",0,"P"," ","6",0,"P"," ","6",0,"P"," ","6",0,"P"," ","6",0,"P"," ","6",0,"P"," ","6",0,"P"," ","6",0,"P"," ","6",0,"P"," ","6",69," "," ","6",0,"P"," ","6",0,"P"," ","6",0,"P"," ","6",0,"P"," ","6"
"1061","USC00397227",1939,4,"PRCP",48," "," ","6",0,"P"," ","6",0,"P"," ","6",0,"P"," ","6",41," "," ","6",8," "," ","6",0,"P"," ","6",0,"P"," ","6",0,"T"," ","6",0,"T"," ","6",43," "," ","6",0,"P"," ","6",0,"T"," ","6",0,"P"," ","6",0,"T"," ","6",0,"T"," ","6",216," "," ","6",0,"P"," ","6",0,"P"," ","6",58," "," ","6",0,"P"," ","6",0,"P"," ","6",0,"P"," ","6",0,"P"," ","6",0,"P"," ","6",0,"P"," ","6",0,"P"," ","6",0,"P"," ","6",0,"P"," ","6",0,"P"," ","6",NA," "," "," "
"1064","USC00397227",1939,5,"PRCP",NA," "," "," ",36," "," ","6",122," "," ","6",0,"T"," ","6",NA," "," "," ",NA," "," "," ",43," "," ","6",NA," "," "," ",NA," "," "," ",NA," "," "," ",NA," "," "," ",NA," "," "," ",NA," "," "," ",NA," "," "," ",NA," "," "," ",NA," "," "," ",NA," "," "," ",NA," "," "," ",46," "," ","6",NA," "," "," ",NA," "," "," ",NA," "," "," ",64," "," ","6",127," "," ","6",23," "," ","6",NA," "," "," ",NA," "," "," ",NA," "," "," ",NA," "," "," ",NA," "," "," ",74," "," ","6"
"1066","USC00397227",1939,6,"PRCP",112," "," ","6",18," "," ","6",0,"P"," ","6",0,"P"," ","6",0,"P"," ","6",0,"P"," ","6",0,"P"," ","6",0,"P"," ","6",46," "," ","6",46," "," ","6",76," "," ","6",10," "," ","6",8," "," ","6",0,"P"," ","6",130," "," ","6",0,"P"," ","6",28," "," ","6",0,"P"," ","6",13," "," ","6",0,"P"," ","6",0,"P"," ","6",0,"T"," ","6",0,"P"," ","6",0,"P"," ","6",0,"P"," ","6",0,"P"," ","6",0,"P"," ","6",0,"P"," ","6",0,"T"," ","6",135," "," ","6",NA," "," "," "
"1068","USC00397227",1939,7,"PRCP",0,"P"," ","6",28," "," ","6",0,"P"," ","6",0,"P"," ","6",0,"P"," ","6",0,"P"," ","6",0,"P"," ","6",0,"P"," ","6",0,"P"," ","6",0,"P"," ","6",0,"P"," ","6",0,"P"," ","6",0,"P"," ","6",0,"P"," ","6",0,"P"," ","6",38," "," ","6",58," "," ","6",38," "," ","6",0,"P"," ","6",0,"P"," ","6",0,"P"," ","6",0,"P"," ","6",0,"P"," ","6",0,"P"," ","6",0,"P"," ","6",0,"P"," ","6",30," "," ","6",0,"P"," ","6",0,"P"," ","6",0,"P"," ","6",107," "," ","6"
"1069","USC00397227",1939,8,"PRCP",0,"P"," ","6",81," "," ","6",15," "," ","6",0,"P"," ","6",0,"T"," ","6",0,"P"," ","6",163," "," ","6",0,"P"," ","6",0,"P"," ","6",58," "," ","6",0,"P"," ","6",0,"P"," ","6",0,"P"," ","6",0,"P"," ","6",0,"P"," ","6",0,"P"," ","6",76," "," ","6",411," "," ","6",97," "," ","6",0,"P"," ","6",0,"P"," ","6",0,"P"," ","6",0,"P"," ","6",0,"P"," ","6",0,"T"," ","6",0,"T"," ","6",0,"P"," ","6",150," "," ","6",0,"P"," ","6",0,"P"," ","6",0,"P"," ","6"
"1071","USC00397227",1939,9,"PRCP",25," "," ","6",0,"P"," ","6",0,"P"," ","6",0,"P"," ","6",0,"P"," ","6",0,"P"," ","6",0,"T"," ","6",0,"P"," ","6",0,"P"," ","6",0,"P"," ","6",0,"P"," ","6",0,"P"," ","6",18," "," ","6",25," "," ","6",0,"P"," ","6",0,"P"," ","6",0,"P"," ","6",0,"P"," ","6",0,"P"," ","6",0,"P"," ","6",0,"P"," ","6",0,"P"," ","6",0,"P"," ","6",0,"P"," ","6",140," "," ","6",0,"P"," ","6",0,"P"," ","6",41," "," ","6",0,"P"," ","6",0,"P"," ","6",NA," "," "," "
"1073","USC00397227",1939,10,"PRCP",0,"P"," ","6",0,"T"," ","6",0,"P"," ","6",130," "," ","6",0,"P"," ","6",0,"P"," ","6",0,"P"," ","6",0,"P"," ","6",51," "," ","6",0,"P"," ","6",0,"P"," ","6",0,"P"," ","6",0,"P"," ","6",0,"P"," ","6",0,"P"," ","6",0,"P"," ","6",0,"P"," ","6",0,"P"," ","6",0,"P"," ","6",0,"P"," ","6",0,"P"," ","6",0,"P"," ","6",0,"P"," ","6",0,"P"," ","6",0,"P"," ","6",10," "," ","6",0,"P"," ","6",0,"P"," ","6",64," "," ","6",0,"P"," ","6",0,"P"," ","6"
"1075","USC00397227",1939,11,"PRCP",0,"P"," ","6",0,"P"," ","6",0,"P"," ","6",0,"P"," ","6",0,"P"," ","6",0,"P"," ","6",0,"P"," ","6",0,"P"," ","6",0,"P"," ","6",0,"P"," ","6",0,"P"," ","6",0,"P"," ","6",0,"P"," ","6",0,"P"," ","6",0,"P"," ","6",0,"P"," ","6",0,"P"," ","6",0,"P"," ","6",0,"P"," ","6",0,"P"," ","6",0,"P"," ","6",0,"P"," ","6",0,"P"," ","6",0,"P"," ","6",0,"P"," ","6",0,"P"," ","6",0,"P"," ","6",0,"P"," ","6",0,"P"," ","6",0,"P"," ","6",NA," "," "," "
"1077","USC00397227",1939,12,"PRCP",10," "," ","6",0,"P"," ","6",0,"P"," ","6",0,"P"," ","6",0,"P"," ","6",0,"P"," ","6",0,"P"," ","6",0,"P"," ","6",0,"P"," ","6",0,"P"," ","6",0,"P"," ","6",0,"P"," ","6",0,"P"," ","6",0,"P"," ","6",0,"P"," ","6",0,"P"," ","6",0,"P"," ","6",0,"P"," ","6",0,"P"," ","6",0,"P"," ","6",0,"P"," ","6",0,"P"," ","6",64," "," ","6",0,"P"," ","6",0,"P"," ","6",0,"P"," ","6",0,"P"," ","6",0,"P"," ","6",0,"P"," ","6",15," "," ","6",0,"P"," ","6"
"1080","USC00397227",1940,1,"PRCP",0,"P"," ","6",0,"P"," ","6",0,"P"," ","6",0,"T"," ","6",0,"P"," ","6",0,"T"," ","6",28," "," ","6",0,"P"," ","6",8," "," ","6",0,"P"," ","6",0,"T"," ","6",0,"P"," ","6",0,"P"," ","6",0,"T"," ","6",0,"P"," ","6",0,"P"," ","6",8," "," ","6",0,"P"," ","6",0,"P"," ","6",0,"P"," ","6",0,"P"," ","6",0,"P"," ","6",0,"P"," ","6",0,"P"," ","6",0,"P"," ","6",0,"P"," ","6",0,"P"," ","6",0,"P"," ","6",0,"P"," ","6",0,"P"," ","6",0,"P"," ","6"
"1083","USC00397227",1940,2,"PRCP",5," "," ","6",0,"P"," ","6",0,"P"," ","6",0,"P"," ","6",0,"P"," ","6",0,"P"," ","6",0,"P"," ","6",0,"P"," ","6",0,"P"," ","6",0,"P"," ","6",0,"P"," ","6",0,"P"," ","6",0,"P"," ","6",0,"P"," ","6",0,"P"," ","6",10," "," ","6",0,"P"," ","6",0,"P"," ","6",0,"P"," ","6",0,"P"," ","6",0,"P"," ","6",0,"P"," ","6",20," "," ","6",5," "," ","6",0,"P"," ","6",0,"P"," ","6",0,"P"," ","6",0,"P"," ","6",0,"P"," ","6",NA," "," "," ",NA," "," "," "
"1086","USC00397227",1940,3,"PRCP",0,"P"," ","6",0,"P"," ","6",0,"P"," ","6",0,"P"," ","6",0,"P"," ","6",36," "," ","6",0,"P"," ","6",0,"P"," ","6",38," "," ","6",0,"P"," ","6",36," "," ","6",0,"P"," ","6",0,"P"," ","6",0,"P"," ","6",0,"P"," ","6",8," "," ","6",0,"P"," ","6",0,"P"," ","6",13," "," ","6",0,"P"," ","6",28," "," ","6",0,"P"," ","6",0,"P"," ","6",0,"P"," ","6",0,"P"," ","6",0,"P"," ","6",69," "," ","6",0,"P"," ","6",0,"P"," ","6",0,"P"," ","6",0,"P"," ","6"
"1089","USC00397227",1940,4,"PRCP",0,"P"," ","6",38," "," ","6",0,"P"," ","6",0,"P"," ","6",0,"P"," ","6",13," "," ","6",0,"P"," ","6",0,"P"," ","6",0,"P"," ","6",43," "," ","6",0,"P"," ","6",0,"P"," ","6",0,"P"," ","6",0,"P"," ","6",36," "," ","6",165," "," ","6",0,"P"," ","6",0,"P"," ","6",15," "," ","6",0,"P"," ","6",0,"P"," ","6",76," "," ","6",0,"P"," ","6",0,"P"," ","6",0,"P"," ","6",0,"P"," ","6",0,"P"," ","6",196," "," ","6",0,"P"," ","6",0,"T"," ","6",NA," "," "," "
"1092","USC00397227",1940,5,"PRCP",0,"P"," ","6",0,"P"," ","6",0,"P"," ","6",0,"P"," ","6",0,"P"," ","6",0,"P"," ","6",38," "," ","6",0,"P"," ","6",0,"P"," ","6",0,"P"," ","6",0,"P"," ","6",33," "," ","6",0,"T"," ","6",0,"P"," ","6",0,"T"," ","6",0,"P"," ","6",0,"T"," ","6",0,"P"," ","6",0,"P"," ","6",0,"P"," ","6",0,"P"," ","6",0,"P"," ","6",0,"P"," ","6",0,"P"," ","6",0,"P"," ","6",0,"P"," ","6",0,"P"," ","6",36," "," ","6",0,"P"," ","6",64," "," ","6",0,"P"," ","6"
"1094","USC00397227",1948,1,"PRCP",0," "," ","0",0," "," ","0",0,"T"," ","0",0," "," ","0",0," "," ","0",0," "," ","0",0," "," ","0",0," "," ","0",0," "," ","0",0," "," ","0",0,"T"," ","0",0," "," ","0",0,"T"," ","0",0,"T"," ","0",0," "," ","0",0," "," ","0",0,"T"," ","0",0," "," ","0",0," "," ","0",0," "," ","0",0,"T"," ","0",102," "," ","0",48," "," ","0",0," "," ","0",0," "," ","0",0," "," ","0",0," "," ","0",0," "," ","0",0," "," ","0",0," "," ","0",0," "," ","0"
"1097","USC00397227",1948,2,"PRCP",0," "," ","0",0," "," ","0",0," "," ","0",0," "," ","0",0," "," ","0",0," "," ","0",0," "," ","0",0," "," ","0",0," "," ","0",8," "," ","0",0," "," ","0",0," "," ","0",0," "," ","0",0," "," ","0",0," "," ","0",0," "," ","0",0," "," ","0",0," "," ","0",0,"T"," ","0",0," "," ","0",0," "," ","0",0," "," ","0",23," "," ","0",0," "," ","0",0," "," ","0",0," "," ","0",0,"T"," ","0",0," "," ","0",0," "," ","0",NA," "," "," ",NA," "," "," "
"1101","USC00397227",1948,8,"PRCP",71," "," ","0",64," "," ","0",0," "," ","0",0," "," ","0",58," "," ","0",NA," "," "," ",8," "," ","0",5," "," ","0",226," "," ","0",20," "," ","0",NA," "," "," ",53," "," ","0",122," "," ","0",48," "," ","0",0," "," ","0",0," "," ","0",0," "," ","0",0," "," ","0",0," "," ","0",0," "," ","0",0," "," ","0",0," "," ","0",0," "," ","0",0," "," ","0",0," "," ","0",0," "," ","0",0," "," ","0",0," "," ","0",0," "," ","0",0," "," ","0",0," "," ","0"
"1102","USC00397227",1948,9,"PRCP",0," "," ","0",0," "," ","0",0," "," ","0",0," "," ","0",0," "," ","0",89," "," ","0",25," "," ","0",0," "," ","0",0," "," ","0",0," "," ","0",0," "," ","0",0," "," ","0",0," "," ","0",0," "," ","0",0," "," ","0",0," "," ","0",0," "," ","0",0," "," ","0",33," "," ","0",33," "," ","0",0," "," ","0",0," "," ","0",0," "," ","0",0," "," ","0",0," "," ","0",0," "," ","0",0," "," ","0",0," "," ","0",0," "," ","0",8," "," ","0",NA," "," "," "
"1103","USC00397227",1948,10,"PRCP",13," "," ","0",0," "," ","0",0," "," ","0",0," "," ","0",20," "," ","0",13," "," ","0",0," "," ","0",0," "," ","0",0," "," ","0",0," "," ","0",0," "," ","0",0," "," ","0",0," "," ","0",0," "," ","0",8," "," ","0",0," "," ","0",0," "," ","0",0," "," ","0",0," "," ","0",0," "," ","0",0," "," ","0",0," "," ","0",0," "," ","0",0," "," ","0",0," "," ","0",0," "," ","0",0," "," ","0",13," "," ","0",69," "," ","0",0," "," ","0",0," "," ","0"
"1104","USC00397227",1948,11,"PRCP",0," "," ","0",0," "," ","0",0," "," ","0",30," "," ","0",5," "," ","0",0," "," ","0",20," "," ","0",10," "," ","0",20," "," ","0",30," "," ","0",0," "," ","0",8," "," ","0",0," "," ","0",0," "," ","0",0," "," ","0",0," "," ","0",18," "," ","0",0," "," ","0",0," "," ","0",0," "," ","0",0," "," ","0",15," "," ","0",15," "," ","0",0," "," ","0",0," "," ","0",0," "," ","0",0," "," ","0",0," "," ","0",0," "," ","0",0," "," ","0",NA," "," "," "
"1105","USC00397227",1948,12,"PRCP",NA," "," "," ",NA," "," "," ",NA," "," "," ",NA," "," "," ",NA," "," "," ",NA," "," "," ",0," "," ","0",0," "," ","0",0," "," ","0",0," "," ","0",0," "," ","0",0," "," ","0",0," "," ","0",0," "," ","0",0," "," ","0",0," "," ","0",0," "," ","0",0," "," ","0",3," "," ","0",23," "," ","0",0," "," ","0",0," "," ","0",0," "," ","0",25," "," ","0",0," "," ","0",0," "," ","0",0," "," ","0",0," "," ","0",0," "," ","0",0," "," ","0",0," "," ","0"
"1106","USC00397227",1949,1,"PRCP",0," "," ","0",8," "," ","0",38," "," ","0",135," "," ","0",0," "," ","0",0," "," ","0",0," "," ","0",8," "," ","0",13," "," ","0",0," "," ","0",0," "," ","0",0," "," ","0",0," "," ","0",0," "," ","0",13," "," ","0",0," "," ","0",0," "," ","0",10," "," ","0",0," "," ","0",5," "," ","0",0," "," ","0",10," "," ","0",0," "," ","0",0," "," ","0",0," "," ","0",0," "," ","0",0," "," ","0",5," "," ","0",0," "," ","0",0," "," ","0",0," "," ","0"
"1107","USC00397227",1949,2,"PRCP",0," "," ","0",0," "," ","0",0," "," ","0",0," "," ","0",0," "," ","0",0," "," ","0",13," "," ","0",0," "," ","0",0," "," ","0",0," "," ","0",8," "," ","0",0," "," ","0",0," "," ","0",0," "," ","0",3," "," ","0",0," "," ","0",0," "," ","0",0," "," ","0",0," "," ","0",0," "," ","0",0," "," ","0",0," "," ","0",13," "," ","0",0," "," ","0",0," "," ","0",0," "," ","0",0," "," ","0",0," "," ","0",NA," "," "," ",NA," "," "," ",NA," "," "," "
"1108","USC00397227",1949,3,"PRCP",0," "," ","0",0," "," ","0",0," "," ","0",0," "," ","0",0," "," ","0",0," "," ","0",0," "," ","0",0," "," ","0",33," "," ","0",3," "," ","0",0," "," ","0",0," "," ","0",20," "," ","0",30," "," ","0",0," "," ","0",10," "," ","0",5," "," ","0",0," "," ","0",0," "," ","0",0," "," ","0",0," "," ","0",0," "," ","0",0," "," ","0",0," "," ","0",0," "," ","0",0," "," ","0",0," "," ","0",0," "," ","0",0," "," ","0",0," "," ","0",0," "," ","0"
"1109","USC00397227",1949,4,"PRCP",0," "," ","0",0," "," ","0",0," "," ","0",0," "," ","0",0," "," ","0",0," "," ","0",0," "," ","0",64," "," ","0",48," "," ","0",3," "," ","0",0," "," ","0",0," "," ","0",114," "," ","0",8," "," ","0",0," "," ","0",0," "," ","0",0," "," ","0",0," "," ","0",0," "," ","0",30," "," ","0",8," "," ","0",43," "," ","0",0," "," ","0",0," "," ","0",0," "," ","0",0," "," ","0",0," "," ","0",0," "," ","0",13," "," ","0",142," "," ","0",NA," "," "," "
"1110","USC00397227",1949,5,"PRCP",0," "," ","0",0," "," ","0",0," "," ","0",10," "," ","0",84," "," ","0",5," "," ","0",13," "," ","0",0," "," ","0",0," "," ","0",25," "," ","0",0," "," ","0",15," "," ","0",0," "," ","0",0," "," ","0",71," "," ","0",112," "," ","0",0," "," ","0",8," "," ","0",0," "," ","0",41," "," ","0",18," "," ","0",33," "," ","0",66," "," ","0",0," "," ","0",0," "," ","0",0," "," ","0",0," "," ","0",0," "," ","0",127," "," ","0",0," "," ","0",0," "," ","0"
"1111","USC00397227",1949,6,"PRCP",NA," "," "," ",NA," "," "," ",0," "," ","0",0," "," ","0",0," "," ","0",13," "," ","0",5," "," ","0",71," "," ","0",5," "," ","0",3," "," ","0",0," "," ","0",0," "," ","0",127," "," ","0",5," "," ","0",5," "," ","0",20," "," ","0",0," "," ","0",36," "," ","0",0," "," ","0",15," "," ","0",NA," "," "," ",NA," "," "," ",NA," "," "," ",NA," "," "," ",NA," "," "," ",NA," "," "," ",0," "," ","0",0," "," ","0",0," "," ","0",0," "," ","0",NA," "," "," "
"1114","USC00397227",1949,7,"PRCP",0," "," ","0",0," "," ","0",0," "," ","0",221," "," ","0",0," "," ","0",0," "," ","0",0," "," ","0",0," "," ","0",0," "," ","0",107," "," ","0",0," "," ","0",0," "," ","0",0," "," ","0",38," "," ","0",0," "," ","0",0," "," ","0",0," "," ","0",0," "," ","0",0," "," ","0",0," "," ","0",0," "," ","0",0," "," ","0",0," "," ","0",0," "," ","0",0," "," ","0",0," "," ","0",0," "," ","0",0," "," ","0",0," "," ","0",0," "," ","0",0," "," ","0"
"1115","USC00397227",1949,8,"PRCP",0," "," ","0",0," "," ","0",0," "," ","0",0," "," ","0",0," "," ","0",0," "," ","0",0," "," ","0",0," "," ","0",0," "," ","0",0," "," ","0",0," "," ","0",0," "," ","0",0," "," ","0",0," "," ","0",46," "," ","0",5," "," ","0",46," "," ","0",13," "," ","0",0," "," ","0",0," "," ","0",0," "," ","0",0," "," ","0",0," "," ","0",0," "," ","0",0," "," ","0",0," "," ","0",0," "," ","0",18," "," ","0",0," "," ","0",0," "," ","0",0," "," ","0"
"1116","USC00397227",1949,9,"PRCP",0," "," ","0",0," "," ","0",41," "," ","0",5," "," ","0",3," "," ","0",5," "," ","0",0," "," ","0",0," "," ","0",0," "," ","0",0," "," ","0",38," "," ","0",48," "," ","0",0," "," ","0",0," "," ","0",0," "," ","0",0," "," ","0",0," "," ","0",0," "," ","0",0," "," ","0",0," "," ","0",0," "," ","0",0," "," ","0",0," "," ","0",0," "," ","0",0," "," ","0",0," "," ","0",0," "," ","0",0," "," ","0",0," "," ","0",0," "," ","0",NA," "," "," "
"1117","USC00397227",1949,10,"PRCP",0," "," ","0",0," "," ","0",0," "," ","0",0," "," ","0",0," "," ","0",0," "," ","0",163," "," ","0",13," "," ","0",0," "," ","0",0," "," ","0",0," "," ","0",0," "," ","0",0," "," ","0",0," "," ","0",0," "," ","0",0," "," ","0",0," "," ","0",0," "," ","0",NA," "," "," ",NA," "," "," ",0," "," ","0",0," "," ","0",0," "," ","0",0," "," ","0",0," "," ","0",0," "," ","0",0," "," ","0",0," "," ","0",0," "," ","0",0," "," ","0",0," "," ","0"
"1120","USC00397227",1949,11,"PRCP",0," "," ","0",0," "," ","0",0," "," ","0",0," "," ","0",0," "," ","0",0," "," ","0",0," "," ","0",0," "," ","0",0," "," ","0",0," "," ","0",0," "," ","0",0," "," ","0",10," "," ","0",3," "," ","0",0," "," ","0",0," "," ","0",0," "," ","0",0," "," ","0",0," "," ","0",0," "," ","0",0," "," ","0",0," "," ","0",61," "," ","0",0," "," ","0",3," "," ","0",0," "," ","0",13," "," ","0",25," "," ","0",0," "," ","0",8," "," ","0",NA," "," "," "
"1121","USC00397227",1949,12,"PRCP",0," "," ","0",0," "," ","0",0," "," ","0",0," "," ","0",0," "," ","0",0," "," ","0",0," "," ","0",0," "," ","0",0," "," ","0",0," "," ","0",18," "," ","0",0," "," ","0",0," "," ","0",0," "," ","0",0," "," ","0",0," "," ","0",0," "," ","0",0," "," ","0",NA," "," "," ",NA," "," "," ",0," "," ","0",20," "," ","0",30," "," ","0",0," "," ","0",0," "," ","0",0," "," ","0",0," "," ","0",0," "," ","0",0," "," ","0",0," "," ","0",0," "," ","0"
"1124","USC00397227",1950,1,"PRCP",0," "," ","0",15," "," ","0",5," "," ","0",0," "," ","0",0," "," ","0",0," "," ","0",0," "," ","0",0," "," ","0",0," "," ","0",0," "," ","0",0," "," ","0",0," "," ","0",0," "," ","0",0," "," ","0",0," "," ","0",0," "," ","0",0," "," ","0",23," "," ","0",5," "," ","0",0," "," ","0",0," "," ","0",0," "," ","0",28," "," ","0",0," "," ","0",0," "," ","0",0," "," ","0",0," "," ","0",0," "," ","0",0," "," ","0",0," "," ","0",0," "," ","0"
"1125","USC00397227",1950,2,"PRCP",0," "," ","0",0," "," ","0",0," "," ","0",0," "," ","0",0," "," ","0",0," "," ","0",0," "," ","0",0," "," ","0",0," "," ","0",0," "," ","0",0," "," ","0",3," "," ","0",0," "," ","0",0," "," ","0",0," "," ","0",0," "," ","0",0," "," ","0",0," "," ","0",0," "," ","0",15," "," ","0",8," "," ","0",0," "," ","0",18," "," ","0",13," "," ","0",0," "," ","0",0," "," ","0",0," "," ","0",0," "," ","0",NA," "," "," ",NA," "," "," ",NA," "," "," "
"1126","USC00397227",1950,3,"PRCP",0," "," ","0",0," "," ","0",0," "," ","0",0," "," ","0",0," "," ","0",3," "," ","0",23," "," ","0",0," "," ","0",0," "," ","0",0," "," ","0",0," "," ","0",0," "," ","0",0," "," ","0",0," "," ","0",0," "," ","0",0," "," ","0",NA," "," "," ",NA," "," "," ",0," "," ","0",71," "," ","0",0," "," ","0",8," "," ","0",18," "," ","0",0," "," ","0",0," "," ","0",99," "," ","0",33," "," ","0",23," "," ","0",0," "," ","0",0," "," ","0",0," "," ","0"
"1129","USC00397227",1950,4,"PRCP",15," "," ","0",33," "," ","0",0," "," ","0",8," "," ","0",5," "," ","0",0," "," ","0",0," "," ","0",5," "," ","0",170," "," ","0",28," "," ","0",0," "," ","0",0," "," ","0",0," "," ","0",0," "," ","0",0," "," ","0",0," "," ","0",0," "," ","0",0," "," ","0",0," "," ","0",0," "," ","0",0," "," ","0",8," "," ","0",15," "," ","0",10," "," ","0",NA," "," "," ",NA," "," "," ",NA," "," "," ",NA," "," "," ",NA," "," "," ",NA," "," "," ",NA," "," "," "
"1130","USC00397227",1950,5,"PRCP",NA," "," "," ",NA," "," "," ",NA," "," "," ",NA," "," "," ",0," "," ","0",0," "," ","0",216," "," ","0",0," "," ","0",0," "," ","0",0," "," ","0",0," "," ","0",20," "," ","0",0," "," ","0",0," "," ","0",0," "," ","0",0," "," ","0",0," "," ","0",5," "," ","0",0," "," ","0",0," "," ","0",0," "," ","0",0," "," ","0",36," "," ","0",41," "," ","0",0," "," ","0",0," "," ","0",0," "," ","0",0," "," ","0",13," "," ","0",0," "," ","0",0," "," ","0"
"1133","USC00397227",1950,6,"PRCP",0," "," ","0",25," "," ","0",0," "," ","0",0," "," ","0",0," "," ","0",0," "," ","0",142," "," ","0",0," "," ","0",0," "," ","0",0," "," ","0",0," "," ","0",0," "," ","0",0," "," ","0",0," "," ","0",10," "," ","0",0," "," ","0",8," "," ","0",272," "," ","0",0," "," ","0",0," "," ","0",0," "," ","0",23," "," ","0",0," "," ","0",0," "," ","0",0," "," ","0",0," "," ","0",0," "," ","0",0," "," ","0",0," "," ","0",0," "," ","0",NA," "," "," "
"1134","USC00397227",1950,7,"PRCP",0," "," ","0",36," "," ","0",0," "," ","0",3," "," ","0",86," "," ","0",0," "," ","0",41," "," ","0",241," "," ","0",0," "," ","0",36," "," ","0",15," "," ","0",0," "," ","0",0," "," ","0",0," "," ","0",160," "," ","0",282," "," ","0",0," "," ","0",0," "," ","0",0," "," ","0",0," "," ","0",10," "," ","0",74," "," ","0",0," "," ","0",112," "," ","0",0," "," ","0",0," "," ","0",0," "," ","0",0," "," ","0",0," "," ","0",3," "," ","0",0," "," ","0"
"1135","USC00397227",1950,8,"PRCP",0," "," ","0",0," "," ","0",8," "," ","0",0," "," ","0",0," "," ","0",0," "," ","0",0," "," ","0",0," "," ","0",18," "," ","0",10," "," ","0",203," "," ","0",165," "," ","0",5," "," ","0",0," "," ","0",0," "," ","0",0," "," ","0",99," "," ","0",0," "," ","0",0," "," ","0",0," "," ","0",0," "," ","0",0," "," ","0",0," "," ","0",NA," "," "," ",86," "," ","0",23," "," ","0",0," "," ","0",0," "," ","0",0," "," ","0",0," "," ","0",0," "," ","0"
"1136","USC00397227",1950,9,"PRCP",0," "," ","0",0," "," ","0",0," "," ","0",0," "," ","0",0," "," ","0",0," "," ","0",0," "," ","0",0," "," ","0",20," "," ","0",13," "," ","0",28," "," ","0",15," "," ","0",10," "," ","0",0," "," ","0",38," "," ","0",0," "," ","0",0," "," ","0",0," "," ","0",147," "," ","0",302," "," ","0",0," "," ","0",0," "," ","0",0," "," ","0",0," "," ","0",0," "," ","0",0," "," ","0",0," "," ","0",0," "," ","0",81," "," ","0",8," "," ","0",NA," "," "," "
"1137","USC00397227",1950,10,"PRCP",NA," "," "," ",NA," "," "," ",0," "," ","0",0," "," ","0",0," "," ","0",0," "," ","0",0," "," ","0",0," "," ","0",15," "," ","0",0," "," ","0",0," "," ","0",0," "," ","0",0," "," ","0",0," "," ","0",0," "," ","0",0," "," ","0",0," "," ","0",0," "," ","0",0," "," ","0",0," "," ","0",0," "," ","0",0," "," ","0",0," "," ","0",0," "," ","0",0," "," ","0",0," "," ","0",0," "," ","0",0," "," ","0",0," "," ","0",0," "," ","0",25," "," ","0"
"1140","USC00397227",1950,11,"PRCP",0," "," ","0",53," "," ","0",0," "," ","0",0," "," ","0",0," "," ","0",0," "," ","0",36," "," ","0",5," "," ","0",0," "," ","0",0," "," ","0",0," "," ","0",0," "," ","0",0," "," ","0",0," "," ","0",0," "," ","0",0," "," ","0",0," "," ","0",8," "," ","0",0," "," ","0",0," "," ","0",13," "," ","0",0," "," ","0",0," "," ","0",0," "," ","0",0," "," ","0",0," "," ","0",0," "," ","0",0," "," ","0",0," "," ","0",0," "," ","0",NA," "," "," "
"1141","USC00397227",1950,12,"PRCP",13," "," ","0",0," "," ","0",0," "," ","0",0," "," ","0",0," "," ","0",0," "," ","0",0," "," ","0",0," "," ","0",0," "," ","0",0," "," ","0",0," "," ","0",0," "," ","0",0," "," ","0",0," "," ","0",0," "," ","0",0," "," ","0",0," "," ","0",0," "," ","0",0," "," ","0",0," "," ","0",0," "," ","0",0," "," ","0",0," "," ","0",0," "," ","0",0," "," ","0",0," "," ","0",0," "," ","0",0," "," ","0",0," "," ","0",0," "," ","0",0," "," ","0"
"1142","USC00397227",1951,1,"PRCP",0," "," ","0",0," "," ","0",0," "," ","0",0," "," ","0",0," "," ","0",0," "," ","0",0," "," ","0",0," "," ","0",0," "," ","0",0," "," ","0",0," "," ","0",0," "," ","0",0," "," ","0",10," "," ","0",0," "," ","0",0," "," ","0",0," "," ","0",0," "," ","0",0," "," ","0",0," "," ","0",0," "," ","0",0," "," ","0",0," "," ","0",8," "," ","0",0," "," ","0",0," "," ","0",25," "," ","0",0," "," ","0",0," "," ","0",0," "," ","0",0," "," ","0"
"1143","USC00397227",1951,2,"PRCP",0," "," ","0",0," "," ","0",0," "," ","0",0," "," ","0",8," "," ","0",0," "," ","0",0," "," ","0",0," "," ","0",0," "," ","0",0," "," ","0",0," "," ","0",0," "," ","0",0," "," ","0",0," "," ","0",0," "," ","0",0," "," ","0",0," "," ","0",0," "," ","0",0," "," ","0",0," "," ","0",0," "," ","0",0," "," ","0",0," "," ","0",0," "," ","0",0," "," ","0",0," "," ","0",51," "," ","0",0," "," ","0",NA," "," "," ",NA," "," "," ",NA," "," "," "
"1144","USC00397227",1951,3,"PRCP",0," "," ","0",58," "," ","0",0," "," ","0",0," "," ","0",0," "," ","0",0," "," ","0",0," "," ","0",0," "," ","0",0," "," ","0",0," "," ","0",0," "," ","0",0," "," ","0",13," "," ","0",0," "," ","0",0," "," ","0",0," "," ","0",0," "," ","0",0," "," ","0",3," "," ","0",0," "," ","0",0," "," ","0",41," "," ","0",5," "," ","0",0," "," ","0",0," "," ","0",8," "," ","0",43," "," ","0",0," "," ","0",0," "," ","0",0," "," ","0",0," "," ","0"
"1145","USC00397227",1951,4,"PRCP",0," "," ","0",0," "," ","0",0," "," ","0",0," "," ","0",145," "," ","0",0," "," ","0",0," "," ","0",0," "," ","0",0," "," ","0",28," "," ","0",0," "," ","0",0," "," ","0",0," "," ","0",0," "," ","0",0," "," ","0",0," "," ","0",0," "," ","0",28," "," ","0",10," "," ","0",10," "," ","0",0," "," ","0",0," "," ","0",0," "," ","0",25," "," ","0",0," "," ","0",64," "," ","0",0," "," ","0",5," "," ","0",13," "," ","0",64," "," ","0",NA," "," "," "
"1146","USC00397227",1951,5,"PRCP",0," "," ","0",0," "," ","0",0," "," ","0",0," "," ","0",0," "," ","0",0," "," ","0",0," "," ","0",10," "," ","0",51," "," ","0",10," "," ","0",5," "," ","0",114," "," ","0",0," "," ","0",0," "," ","0",28," "," ","0",8," "," ","0",10," "," ","0",76," "," ","0",25," "," ","0",140," "," ","0",30," "," ","0",0," "," ","0",0," "," ","0",0," "," ","0",10," "," ","0",0," "," ","0",0," "," ","0",5," "," ","0",0," "," ","0",20," "," ","0",13," "," ","0"
"1147","USC00397227",1951,6,"PRCP",165," "," ","0",25," "," ","0",0," "," ","0",0," "," ","0",0," "," ","0",51," "," ","0",0," "," ","0",18," "," ","0",56," "," ","0",0," "," ","0",41," "," ","0",30," "," ","0",41," "," ","0",0," "," ","0",0," "," ","0",0," "," ","0",48," "," ","0",13," "," ","0",13," "," ","0",5," "," ","0",0," "," ","0",71," "," ","0",142," "," ","0",0," "," ","0",0," "," ","0",8," "," ","0",0," "," ","0",69," "," ","0",0," "," ","0",10," "," ","0",NA," "," "," "
"1148","USC00397227",1951,7,"PRCP",0," "," ","0",38," "," ","0",0," "," ","0",0," "," ","0",0," "," ","0",0," "," ","0",0," "," ","0",5," "," ","0",91," "," ","0",122," "," ","0",89," "," ","0",15," "," ","0",0," "," ","0",0," "," ","0",0," "," ","0",0," "," ","0",0," "," ","0",0," "," ","0",0," "," ","0",5," "," ","0",51," "," ","0",147," "," ","0",0," "," ","0",0," "," ","0",0," "," ","0",0," "," ","0",0," "," ","0",0," "," ","0",0," "," ","0",0," "," ","0",41," "," ","0"
"1149","USC00397227",1951,8,"PRCP",5," "," ","0",0," "," ","0",0," "," ","0",8," "," ","0",0," "," ","0",0," "," ","0",0," "," ","0",140," "," ","0",0," "," ","0",81," "," ","0",114," "," ","0",5," "," ","0",0," "," ","0",191," "," ","0",0," "," ","0",0," "," ","0",0," "," ","0",0," "," ","0",178," "," ","0",0," "," ","0",0," "," ","0",0," "," ","0",0," "," ","0",0," "," ","0",0," "," ","0",0," "," ","0",0," "," ","0",0," "," ","0",0," "," ","0",5," "," ","0",97," "," ","0"
"1150","USC00397227",1951,9,"PRCP",18," "," ","0",64," "," ","0",269," "," ","0",5," "," ","0",0," "," ","0",94," "," ","0",23," "," ","0",0," "," ","0",0," "," ","0",0," "," ","0",0," "," ","0",0," "," ","0",0," "," ","0",8," "," ","0",0," "," ","0",0," "," ","0",0," "," ","0",10," "," ","0",5," "," ","0",10," "," ","0",0," "," ","0",0," "," ","0",61," "," ","0",0," "," ","0",0," "," ","0",0," "," ","0",0," "," ","0",0," "," ","0",0," "," ","0",0," "," ","0",NA," "," "," "
